x,y,z,charge,hbond,hphob,iface,nx,ny,nz
0.712,-4.146,38.639,0.30411,0,-3.5,0,-0.790313,0.539335,0.290729
17.479,13.027,40.913,-1.18471,-0.878361,-3.5,0,0.22607,0.532912,0.815412
-2.335,-0.735,54.075,-0.113676,0,-0.9,0,-0.883672,0.404752,0.23516
17.926,-2.353,14.196,0.207311,0,-0.7,1,-0.969283,0.245856,0.00665976
9.731,11.401,16.721,-0.0406621,0,-3.5,0,0.23652,-0.924664,-0.298421
4.4,-6.064,56.579,0.0606973,0,-1.6,0,0.652224,-0.0571294,0.755871
3.247,7.357,42.1635,0.548524,-0.399116,-3.5,0,0.296916,-0.927176,-0.228444
-3.665,18.4945,41.7515,-0.955232,-0.286116,-3.5,0,-0.982716,0.184665,0.012929
-4.612,10.745,29.6,-0.947516,-0.861549,-3.5,0,-0.171672,-0.178969,0.968762
7.4505,14.9265,37.1385,-0.255185,0,4.2,0,0.0900912,0.762323,0.640896
-26.68,12.5355,34.6915,0.369075,0,-3.5,0,-0.384058,-0.884385,-0.265259
-3.6235,18.861,20,-1.16807,0,-3.4557,0,0.455401,0.441596,0.773048
-5.26,-3.8665,50.203,0.551265,0,-0.9,1,-0.961877,0.197203,0.189482
2.507,22.523,15.3385,0.214669,0.0224541,-0.7,0,-0.535362,0.510463,0.672915
0.835,18.71,12.2505,-0.281231,0,3.66856,0,0.114294,0.726781,-0.677294
13.009,20.4825,16.168,0.286159,0,-3.5,0,-0.141314,0.916668,-0.37383
-19.475,20.163,30.669,-0.665994,-0.876204,-3.9,0,0.673363,0.717077,0.17995
-4.808,7.213,24.9255,0.150662,0,-0.4,0,-0.283143,0.186554,0.940759
-17.212,-3.793,17.645,1.48918,0,-3.9,0,-0.745916,-0.110483,-0.656812
5.419,6.0815,42.693,0.357398,-0.00396502,4.48619,0,-0.92936,-0.326347,-0.172592
-2.8405,2.3205,21.5935,-0.378069,-0.463891,1.8,0,0.773159,-0.35599,-0.524878
-0.3795,9.04,14.5688,0.378306,0,4.5,0,0.721557,-0.676519,-0.14723
7.113,6.031,24.3195,2.38654,0,-3.9,0,0.83383,-0.352338,-0.424953
21.058,-10.962,23.473,-0.904165,-0.00838901,-1.2222,1,-0.0963665,-0.885715,-0.454118
19.4285,-6.6625,14.9795,0.0123306,0,-0.702677,1,-0.936112,-0.326791,-0.130009
-3.037,-0.13,50.9355,-0.103872,0,2.8,1,-0.855178,0.0763329,0.512683
-1.19225,-2.2815,0.328,-1.20859,-0.189627,-2.34494,0,-0.375516,-0.108967,-0.920388
2.072,4.868,-2.7965,0.0235896,0,-0.9,1,0.563205,0.0940579,-0.820946
-1.578,-5.462,4.087,0.157559,0,-3.5,0,0.62531,-0.674775,0.392002
-6.0795,24.9135,20.5905,1.17975,0,-3.9,0,-0.927323,0.143158,-0.3458
-18.825,17.656,25.8045,0.178057,0,-0.584877,0,0.642536,0.765459,0.034926
17.0075,17.6525,34.8325,0.0089495,0,-3.9,0,0.0114678,0.994157,-0.107335
11.751,13.868,36.628,-2.04144,-0.92282,-3.5,0,0.206965,0.211656,0.955179
-24.402,21.487,32.826,0.175446,0,-3.5,0,-0.522808,0.791423,-0.316736
21.103,-12.865,14.444,0.455062,0,1.9,1,-0.659375,-0.448282,0.603546
14.109,-12.585,36.904,-0.10072,0,-3.5,0,0.721268,-0.362978,0.589931
4.139,-1.6145,6.168,0.236235,0,-0.4,0,0.668886,-0.719614,-0.18641
0.519,5.5945,12.217,0.414277,0,-1.6,0,0.295872,0.926262,0.233448
0.494,-4.407,0.108,0.00109414,0,-0.4,0,-0.191433,-0.813741,-0.548798
-0.4055,3.719,19.27,0.0566061,0,3.8,0,0.54193,-0.840391,0.00737682
14.65,13.4035,24.253,-0.334816,0,-0.7,0,0.9776,-0.00735683,0.210343
-17.78,0.782,15.667,-0.0919487,0,-3.5,0,-0.723937,0.244338,-0.645146
32.932,4.2,30.3275,0.37109,0,-3.9,0,0.743937,0.66278,0.0853234
-25.144,2.7155,43.4245,-0.0489181,0,1.9,1,-0.554516,-0.406939,0.725887
3.8555,20.2565,34.8705,0.468382,0,-3.9,0,-0.482944,0.596559,0.641001
10.938,-5.1385,19.8325,0.500693,0,-4.5,0,-0.903484,0.40766,-0.132401
7.187,17.3165,28.551,-0.388403,-0.272517,-3.9,0,0.300901,0.741235,0.600024
-20.945,0.1255,21.9055,-0.249337,0,-0.182721,0,-0.533164,-0.813368,-0.232742
1.472,13.9135,45.395,-0.898914,-0.428739,-2.28039,0,-0.777692,0.00118283,0.628645
-15.98,1.259,33.7845,0.272862,0,-4.5,1,-0.27118,-0.961615,0.041929
9.728,-16.943,33.5905,0.664972,0,-3.9,0,0.119932,-0.854664,0.505139
10.4895,-10.6705,50.2045,0.410006,0.0107821,-3.40004,0,-0.191274,-0.967722,0.164099
10.602,6.16,59.568,0.0609325,-0.03948,-3.5,0,0.687209,-0.190603,0.70101
5.774,-10.787,45.416,0.278028,0,-1.3,0,0.492878,-0.836607,0.239082
-5.254,-7.018,4.417,-0.801972,0,-3.5,0,-0.213478,-0.613472,0.760316
-6.099,6.2245,25.263,0.182329,0,3.64535,0,0.115477,0.698156,0.706572
13.203,-12.057,40.838,-0.95343,0,1.9,0,-0.631629,-0.634704,-0.445192
-0.448,24.119,39.5015,-1.20528,0,-3.5,0,0.3854,0.66227,-0.642546
12.572,7.1175,44.13,0.710553,0.241852,-3.12668,0,0.870261,0.347027,0.349597
14.221,11.5595,52.25,1.77284,0,4.2,0,0.398519,0.688798,-0.605591
3.248,-0.9905,55.713,-0.158191,0,1.8,0,-0.168312,-0.07041,0.983216
6.9865,13.5445,48.057,-0.00605546,0,-1.56298,0,0.38469,-0.498757,0.776695
-15.589,16.582,28.621,0.597062,0,2.8,0,0.640336,0.425902,0.6392
-20.8025,3.032,5.666,0.298475,0.0156867,-3.51509,0,-0.760844,-0.623067,-0.181394
-22.48,5.588,24.818,-0.0479694,0,-0.8,0,-0.623642,0.0722078,-0.778368
29.252,-5.324,24.6325,-1.08777,-0.170609,-3.5,0,-0.176534,-0.982447,0.0602754
-21.3965,15.7525,41.9415,0.137081,0,2.5,0,0.565705,0.479127,0.67113
-25.485,12.363,27.127,0.0988507,0,3.8,0,-0.921731,-0.186235,0.340188
-30.9925,20.549,40.3295,-0.843137,-0.100438,-3.5,0,-0.53348,0.748062,-0.394718
-25.1855,19.9555,36.119,-0.18222,0,-3.51892,0,0.064621,0.764645,0.641204
-0.7475,13.824,0.7935,0.168519,0,4.5,0,0.839716,0.234696,-0.489689
15.59,-4.15,18.335,0.809293,0.851853,-4.5,0,0.742088,0.316751,-0.59074
20.942,-0.37,21.344,0.875184,0.664538,-3.2,0,0.166018,0.890289,0.424056
-6.6,1.269,31.988,0.208278,0,-1.3,0,0.546412,-0.753388,0.365842
16.997,19.3975,18.411,-0.880761,0,-3.5,0,0.874053,-0.282691,-0.395116
35.046,-4.566,21.069,0.246446,0,-3.9,0,0.995129,-0.0305667,-0.0937244
13.579,-7.4455,55.0355,0.144457,0,-3.5,0,0.160372,0.0737257,0.984299
12.629,2.62,30.025,-0.285396,0,3.8,0,-0.236943,-0.545811,-0.803709
-24.449,22.238,29.113,0.197766,0,-3.9,0,-0.609658,0.579349,0.540992
17.7245,-8.604,24.484,0.466684,0,4.00029,1,-0.94003,0.116795,-0.320473
19.503,11.3015,35.6385,-1.19685,-0.0283331,4.5,0,0.996976,0.0696124,-0.0345476
21.877,-10.877,35.798,0.430157,0.651659,-3.5,0,-0.670374,-0.688437,-0.276864
-23.8225,9.214,46.4765,0.486389,0,1.9,1,0.0924739,-0.129126,0.987307
-5.123,18.411,38.677,-0.817972,0,-3.5,0,-0.81633,0.201363,0.541348
14.4405,17.3095,27.2905,-1.24548,0,-3.5,0,-0.109317,-0.604251,-0.789259
20.533,-10.6005,21.3065,-0.434583,-0.60315,-1.29602,1,0.341226,-0.91382,-0.220222
-6.071,2.1125,31.3335,-0.440362,-0.246883,-1.3,0,0.652462,-0.757787,-0.00715715
25.012,-5.7225,8.796,-0.415685,0,1.9,1,0.0778026,-0.0456056,-0.995925
-9.136,-3.711,19.41,0.832846,0.466541,-3.9,0,0.806657,-0.306238,0.505493
-21.988,7.7425,5.687,0.165278,0,-3.9,0,0.0355972,0.944542,-0.326455
16.151,12.377,53.744,-0.550255,0,-0.8,0,0.792793,0.00512137,-0.60947
18.6935,-10.1085,34.35,0.155453,0,3.76768,0,0.882221,-0.317342,0.347823
-24.1995,0.802,38.0775,0.135023,0,1.9,0,0.451145,-0.153064,-0.879227
-23.885,22.2905,33.135,0.0363262,0,-3.5,0,-0.485429,0.795839,-0.361938
-4.3475,8.4875,38.7835,0.643041,0.51771,-4.5,0,-0.766688,0.600596,-0.226879
-2.849,14.1835,32.5475,0.0210453,-0.436676,-0.787329,0,-0.939299,0.275685,0.204241
-18.075,13.7115,19.8875,-0.314524,0,-3.5,0,-0.92249,0.365411,0.124444
32.385,3.1985,10.0885,0.0286942,0,-1.6,0,-0.148583,0.441222,-0.885012
-18.4345,11.791,36.593,-0.259241,-0.0190835,3.29794,0,0.441754,0.750066,-0.492194
37.774,-2.8745,16.262,-0.343276,-0.609007,-3.15137,0,0.854592,-0.496772,0.151296
-13.2755,9.1235,-0.3785,0.0382598,0,-3.5,0,-0.133515,0.550199,-0.82429
-8.266,2.902,24.282,0.429968,0,3.8,0,-0.0460366,-0.948331,-0.313927
36.47,2.2905,16.13,0.770607,0,-3.5565,0,-0.573281,0.814965,0.0847395
8.4785,21.5215,13.7845,-0.773749,-0.0479383,-1.6,0,0.398646,0.857976,-0.323973
-17.373,-6.31,18.065,0.401006,0,-3.9,0,-0.568312,-0.668266,-0.480044
14.417,6.073,48.938,1.06472,0,-0.108919,0,0.0403318,0.87443,-0.483472
20.105,-8.647,35.112,-0.498855,-0.680574,-2.83546,0,0.116464,-0.970465,-0.211266
-22.208,16.649,34.644,-0.0970166,0,-3.8596,0,0.227247,0.245032,0.942506
14.78,-10.052,39.678,-0.590272,0,1.9,0,0.0431076,-0.791712,-0.609371
-3.72625,27.4077,19.704,3.99585,0,-3.9,0,0.206526,0.889134,-0.408397
-12.211,15.048,24.854,0.218549,0,2.8,0,0.710258,0.420303,0.564693
-15.0445,15.563,28.722,0.0219449,-0.66362,2.8,0,0.706638,0.317546,0.63232
19.2615,17.1597,40.0768,3.86231,0,-3.9,0,0.429517,0.62387,0.652918
11.2525,-9.99,29.079,0.37179,0,-0.4,0,-0.298253,-0.68064,-0.66916
-23.104,22.252,23.3178,3.99846,0,-3.9,0,0.0921563,0.491179,-0.86617
6.8215,4.606,55.629,-0.0789993,0,4.5,0,-0.606989,0.590241,0.532146
9.373,21.6505,24.5665,1.22541,0.495615,-3.9,0,0.89868,0.3586,-0.252547
3.242,-11.983,35.996,-0.947164,-0.000836713,-3.5,0,-0.9803,-0.0162225,0.196848
0.036,10.6655,46.1525,0.981594,0,-3.9,0,-0.222312,0.965127,-0.13823
32.7095,4.258,24.2285,0.0196975,0,-3.5,0,0.872856,0.311348,0.375746
-6.775,16.3335,27.319,0.326012,0,4.15503,0,-0.648076,0.029738,0.760995
8.989,17.1035,44.0685,-0.709664,-0.648144,-0.7,0,0.374577,0.922983,-0.0882915
9.675,12.861,10.263,0.465901,0,-3.9,0,0.285392,0.918177,0.274778
-2.707,4.26,38.039,1.4005,0.247292,-4.5,0,0.00419868,-0.9219,-0.387405
-2.7265,18.2345,43.814,-1.04857,-0.868293,-3.5,0,-0.434814,-0.0581291,0.898642
-2.582,1.7185,0.565,-0.262762,0,-0.817574,0,-0.64823,-0.705,-0.287701
-26.223,3.9955,25.026,-0.376004,-0.862657,-0.8,0,-0.33276,-0.218796,-0.917278
5.064,-10.94,29.105,0.324327,0,-3.9,0,-0.849274,0.0966731,-0.519026
10.5765,9.014,21.634,0.0445655,-0.485719,-0.8,0,-0.291086,-0.949499,0.117136
-22.875,5.734,3.81,1.27462,0,-3.9,0,0.0342541,0.137293,-0.989938
14.393,2.115,26.9705,0.174058,0,-0.7,0,-0.63948,0.597624,-0.483643
-12.431,6.486,29.3445,0.384604,-0.0931737,-0.942253,1,0.15918,0.62682,0.762731
-13.455,0.2065,25.422,-0.662577,-0.11683,-0.4,0,0.326377,-0.351749,0.877354
9.748,-16.236,34.3965,1.68225,0.169789,-3.9,0,0.196077,-0.761983,0.6172
-24.207,3.84,31.59,-1.07818,-0.0749517,-1.6,0,-0.917548,-0.0284951,0.396603
20.913,-10.9835,10.3785,-0.547885,0,1.9,1,-0.511514,-0.195168,-0.836817
4.135,18.423,30.44,-0.118212,0,-3.9,0,0.337502,0.764579,-0.549101
37.552,1.8355,19.268,0.322075,0,-3.9,0,0.833001,0.267629,0.484235
8.928,21.7165,26.1005,1.05925,0.150319,-3.9,0,0.590574,0.692863,0.413718
17.018,9.769,55.716,3.29396,0,-0.8,0,0.746034,-0.6436,0.170916
-24.466,0.559,42.9255,-0.59633,0,1.9,1,0.167904,-0.349753,0.921673
4.377,17.2485,25.5085,-0.0807414,0,-3.15426,0,-0.23094,0.90123,-0.366676
29.435,-5.8595,16.6555,-1.22604,-0.360535,-3.5,0,0.616979,-0.689507,-0.379365
-1.715,-0.6495,30.0315,-0.897052,-0.198208,-3.5,0,-0.482902,-0.749371,0.453043
-19.556,22.167,34.333,-1.15097,-0.0253097,-3.5,0,0.660141,0.724902,-0.196802
7.8915,10.9995,47.3035,-0.307914,0,-0.427548,0,0.0555043,0.603151,0.795694
28.26,-2.668,8.1505,0.361487,0.0613652,1.8,1,-0.322089,0.347276,-0.880714
-3.1565,8.833,-2.922,-0.921556,-0.232925,-3.5,0,0.390468,-0.593804,-0.703514
-16.2665,1.051,26.3685,0.570409,0,-0.4,0,0.505814,-0.595891,0.623752
-29.543,22.07,37.9325,0.551292,0,-3.9,0,-0.465269,0.864637,-0.189545
-2.601,25.7385,5.3355,0.0525777,0,-0.8,0,-0.47924,0.644841,0.595407
19.126,-11.428,20.342,0.0501112,0,4.2,1,0.437812,-0.799841,-0.410579
7.2885,20.788,19.5075,-0.341966,0,-3.5,0,-0.496259,0.203916,0.843887
-27.34,21.331,39.05,0.246428,0,-3.9,0,0.805279,0.432622,0.405418
-17.2955,2.899,13.2525,-0.925144,0,1.9,0,-0.587373,-0.491225,0.643188
10.1015,8.88,53.9265,0.647742,0.36782,0.905861,0,-0.790546,0.560346,-0.247081
-17.5105,15.5865,13.3465,1.1915,0.807225,-3.9,0,0.0105288,0.991541,-0.129368
16.5945,19.09,17.359,-0.395946,0,-3.5,0,0.966046,-0.138002,-0.218426
21.299,-9.9305,20.69,-0.542186,-0.770804,-0.680534,0,0.556966,-0.662114,-0.501392
-0.1445,18.978,8.3675,0.13931,0,-3.5,0,0.677064,0.675713,-0.291541
-3.903,12.639,34.0835,-0.83242,-0.23555,-0.8,0,-0.852507,-0.256222,-0.455611
1.411,-7.1755,55.6045,0.0473623,0,-1.6,0,-0.30044,-0.916598,0.263787
4.7575,17.363,23.5975,-0.131174,0,2.65262,0,0.0438077,0.997542,0.0546881
7.9885,-9.4975,51.7235,0.0620895,0,-1.6,0,-0.523109,-0.564135,0.638834
3.6665,10.4805,48.5615,-1.12346,-0.13906,-0.8,0,0.122399,0.635574,0.762275
-7.323,22.526,21.8115,-1.11911,-0.502724,4.5,0,-0.558077,0.813386,-0.164177
-3.65875,25.4527,23.977,0.296579,0,-3.9,0,-0.299139,0.846959,0.439519
7.3625,-2.951,56.947,-0.00359375,0,-3.5,0,-0.384904,-0.868347,0.312765
8.849,11.2382,41.6878,-0.150166,0,3.8,0,0.593315,0.733461,-0.33168
9.13075,8.2865,55.1632,0.527721,0,-3.5,0,-0.539224,0.767105,-0.347545
-9.42525,1.7185,29.03,-0.262935,0,-1.3,0,0.107126,-0.967526,-0.228947
15.0122,2.68175,27.6752,0.340104,0,-0.679077,0,-0.199319,0.759399,-0.619342
-20.0382,9.06875,43.7612,-0.236763,0,1.9,0,0.83677,-0.545667,-0.0454377
-5.745,18.874,4.112,0.323044,0,4.2,0,-0.824473,-0.00540914,-0.565875
8.58525,-12.5522,29.7407,0.982677,0,-3.9,0,0.351287,-0.575437,-0.738559
-16.345,16.453,22.4675,0.0559779,0,2.8,0,-0.280728,0.858378,-0.429393
-13.553,3.238,35.479,0.429936,0,-4.5,0,0.640879,0.547675,0.53789
29.223,-3.471,14.348,-0.743882,0,2.5,0,0.33544,-0.934324,-0.120497
-14.904,0.514,34.288,0.185075,0,-4.5,1,-0.626266,-0.768071,-0.133632
-19.7975,12.8542,34.2535,0.619909,0.938547,-3.2,0,0.989676,0.139641,0.0322651
-20.6385,16.9755,35.3758,0.826025,0,-3.9,0,-0.398468,0.094564,0.912294
-8.218,1.5975,27.3815,0.0980191,0,3.8,0,-0.297198,-0.930403,0.214533
-17.274,17.072,20.631,-0.986353,-0.715201,-3.5,0,-0.00915239,0.978833,0.204455
-16.3097,10.3097,36.487,0.498372,0,3.63112,0,0.573507,0.278652,-0.770352
-1.82275,17.2908,30.318,0.197716,0,-1.86173,0,-0.310996,0.925698,0.215326
0.67475,-6.131,38.8635,0.711218,0,-3.5,0,-0.949939,0.0627014,0.306079
0.134,25.1325,30.9342,-0.80592,0,-3.5,0,0.376414,0.902211,0.210543
-17.262,18.1348,34.7065,2.53537,0.0100547,-3.9,0,0.813477,-0.0352677,0.580527
-2.123,2.14475,50.9188,0.032273,0,2.8,0,-0.62511,0.771537,0.118184
2.369,7.78875,10.5253,0.334934,0,3.8,0,-0.338776,-0.311062,0.887959
-2.4555,14.066,39.7998,0.842901,0,-2.12364,0,-0.766081,-0.330314,0.551373
-5.739,-0.5975,6.437,0.0999343,0,3.8,0,-0.452683,-0.752377,-0.478547
-7.68325,-3.3285,16.9865,0.376682,0,-3.5,0,0.596155,-0.799914,-0.068818
-12.546,16.3843,19.8625,0.37915,0,-3.9,0,-0.297017,0.434587,-0.850244
-7.288,-0.029,21.3393,-0.454337,-0.760637,3.8,0,0.0358311,-0.592823,0.804535
19.575,17.325,38.306,2.68196,0,-3.9,0,0.665009,0.602701,-0.441037
1.03475,3.3985,44.9697,0.33792,0,3.8,0,0.195953,-0.224424,-0.954587
-21.82,6.218,15.414,0.161442,0,-1.6,0,-0.980792,-0.136648,-0.139193
7.03225,3.3145,29.5,0.45928,0,1.9,0,0.764176,-0.421323,-0.488387
-29.174,15.2685,41.4308,0.780797,0.498763,-0.297425,0,-0.474278,-0.856464,0.20379
-1.5845,7.08075,35.6372,0.713962,0,-4.5,0,-0.540846,-0.30353,-0.784446
-7.96375,11.0755,27.6265,-0.0676718,0,3.8,0,-0.079902,-0.680287,0.728577
-1.1875,23.566,23.673,-0.27483,0,-3.9,0,0.788829,0.377164,-0.485279
12.067,-9.354,42.7848,0.350925,0,-1.3,0,-0.744886,-0.646752,0.163881
15.72,13.957,19.1865,-0.730031,0,-3.5,0,0.765515,-0.244347,-0.595215
4.329,0.073,25.241,0.726079,0,-3.5,0,-0.155206,0.178255,-0.971667
19.062,-5.741,17.755,0.398123,0,-0.8,0,-0.954301,0.198149,-0.223709
9.0735,9.401,11.4255,0.989942,0,-3.88582,0,0.0331502,-0.501827,0.864332
29.13,-4.7135,27.4638,0.51618,0.183588,-3.5,0,0.427655,-0.901909,-0.0605999
-0.288,18.534,21.077,-0.786796,0,4.2,0,-0.322865,0.783484,-0.530953
-0.95375,11.0105,-2.83113,0.133466,-0.0692595,-3.9,0,0.377191,-0.508253,-0.774213
-17.292,11.7175,39.5825,0.0848717,0,3.8,0,-0.104223,0.691692,0.714633
-0.7495,2.71325,23.8555,-1.64385,-0.0521688,-3.5,0,0.583483,-0.2843,-0.760737
3.053,5.528,19.874,0.601422,0,-4.5,0,0.0715292,-0.929531,0.361739
-21.6555,4.44375,21.2342,0.174315,0,4.2,0,-0.921852,0.253231,-0.293366
-9.052,14.0793,3.5085,-0.515513,-0.691058,-4.5,0,-0.12126,0.584481,-0.802295
27.4433,-4.495,25.3615,0.0586007,0,3.81515,0,0.0563094,-0.997265,-0.0478657
-10.2507,11.6465,1.37125,-0.462566,0.738862,-4.46298,0,-0.754981,0.61612,-0.224499
5.755,21.181,25.4403,1.32129,0.278629,-3.9,0,-0.991908,0.117611,0.047813
-28.4685,18.661,26.7575,-0.69687,0,-3.5,0,0.151693,0.52048,-0.840292
-4.3825,-9.63175,48.6738,0.618618,0.205844,-0.4,0,-0.75032,-0.37519,-0.544291
-7.884,2.909,1.465,-1.01249,-0.0416225,-1.6,0,-0.565109,-0.594213,-0.572331
-2.1245,-8.276,46.2988,0.319219,0,-2.67942,0,-0.60858,-0.646156,-0.460557
3.43688,4.22888,-0.7075,-0.237818,0,-0.9,0,0.829501,-0.319769,-0.457905
16.8745,-10.5114,19.6025,0.197264,0,4.2,1,-0.4276,-0.507234,-0.748246
14.9495,13.8635,39.087,-1.69758,-0.173823,-3.5,0,-0.605952,0.66471,0.437015
15.2316,18.7868,15.4021,-0.0321773,0,-3.5,0,0.657915,-0.0315863,-0.75243
19.6432,-10.875,32.3317,0.16685,0,4.2,0,0.81419,-0.491546,0.308993
21.8923,-1.084,22.7087,0.508128,0,-3.2,0,-0.0217471,0.98189,0.188199
-10.5335,22.2855,17.2715,0.601182,0.721189,-3.5,0,-0.0175095,0.701541,-0.712414
-13.9967,7.26225,-1.11025,0.141054,0,-3.5,0,-0.129002,0.0688819,-0.989249
-11.315,16.4265,4.6335,-0.140618,0,-4.5,0,-0.474303,0.457528,-0.752133
-24.742,10.284,24.4925,0.0435377,0,3.8,0,-0.634007,-0.674247,-0.378716
7.6645,-15.84,33.047,2.02777,0.00659497,-3.9,0,-0.7574,-0.633068,0.159909
17.3435,-7.8745,18.7987,0.44345,0,4.2,1,-0.46195,0.127652,-0.877672
-3.22775,7.90712,36.6391,1.08536,0,-4.5,0,-0.52253,0.60241,-0.603378
-28.8655,11.969,34.6562,0.317839,0,-3.9,0,0.414515,-0.87197,0.260473
14.0255,-9.83775,38.539,-1.38353,-0.0598712,2.8,0,0.561213,-0.826875,-0.0362992
0.46475,11.2183,48.397,0.0551842,0,-3.9,0,0.511058,0.787891,0.34358
-16.544,1.65525,11.9882,-1.00578,0,1.9,0,-0.00264794,-0.997908,0.0646021
11.3372,-6.529,20.973,0.595538,0,-4.5,0,-0.63018,-0.580869,0.515232
-3.79113,0.3925,27.7935,1.52618,0.25882,-3.5,0,-0.499894,-0.855838,0.13284
-12.309,21.89,20.145,0.728501,0.239035,-3.5,0,-0.744331,0.566946,0.352906
12.9344,8.31962,20.5521,-0.353849,-0.0222522,-0.8,0,0.0780205,-0.99655,0.0282979
7.153,18.9387,42.0913,-1.26641,-0.848437,-3.5,0,0.638162,0.734259,0.231545
-2.573,-3.2855,6.795,-0.743187,0,-0.7,0,0.173274,-0.984852,0.00658944
4.979,21.5285,11.63,0.107104,0,-1.32239,0,-0.055964,0.828163,-0.557687
-28.0135,14.6552,30.0858,-0.0862263,0,-3.5,0,-0.70248,-0.620836,-0.347973
7.85425,13.0485,41.714,-0.858109,-0.0240117,-1.3,0,0.903068,0.0698132,-0.423786
17.4007,-2.14725,21.4013,0.249753,0,-3.2191,0,-0.362854,0.512583,-0.7782
14.6613,-17.0662,48.9193,-0.985318,-0.77014,-3.5,0,0.351034,-0.731043,0.585108
-17.008,-6.55525,18.9662,0.809901,0,-3.9,0,-0.527276,-0.848426,0.0464055
34.44,-0.2685,23.4195,-0.358083,0,-3.9,0,0.711338,-0.0529002,0.700857
30.396,1.542,15.912,0.418367,0,2.5,0,0.674028,0.530264,0.514302
-1.92175,22.7097,42.3055,-0.642345,0,-3.5,0,-0.796705,0.465697,0.385212
-7.8285,5.668,0.77,-0.502674,-0.0236997,-1.34204,0,-0.590876,-0.0103485,-0.806696
2.69775,-1.9555,28.0473,0.545983,0.00150991,0.961028,0,-0.548923,-0.835869,-0.00255565
-15.3542,9.12138,36.8713,0.326217,0,3.8,0,0.69226,-0.165066,-0.702516
32.0105,0.4695,32.5865,1.76385,0.542,-3.9,0,0.444834,-0.888319,0.114074
28.1255,3.0295,29.0012,0.776628,0,-3.9,0,-0.258477,0.773015,0.579342
23.64,-7.56,20.488,0.664879,0.547966,-0.8,0,0.669595,-0.625192,0.400971
-5.7275,-0.3825,18.5925,0.236694,0,-3.5,0,0.149625,-0.574252,0.80489
6.1295,17.3895,30.1255,-0.109831,0,-3.9,0,0.65334,0.733499,-0.187421
-1.086,18.577,34.409,-0.926197,-0.378436,-0.7,0,0.367509,0.928946,0.0446902
8.05775,1.27825,21.4252,-0.548222,-0.244099,-1.3,0,0.030284,0.61688,-0.786474
-1.85425,7.3255,32.4365,1.63519,0.00900378,-3.9,0,-0.784461,-0.187096,0.591283
30.7435,0.383,15.64,0.452024,0,2.5,0,0.641576,0.207718,0.7384
21.8985,-10.0325,40.506,0.0651616,0.147263,-3.5,0,0.244002,-0.601548,-0.760659
14.777,-9.85425,37.8353,-1.07215,-0.675634,2.58358,0,-0.117093,-0.927929,0.353888
15.663,-13.0225,28.8715,-0.394023,-0.0191902,-3.9,0,-0.423829,-0.691249,-0.585272
1.49175,10.5273,4.90675,0.189738,0,4.5,0,0.765039,0.643744,0.0175917
29.7183,6.898,21.9802,-1.77887,-0.645453,-3.5,0,-0.111979,0.920563,-0.374197
2.08925,4.03975,31.5152,0.127797,0,1.9,0,-0.968247,0.196505,0.154541
-31.4228,12.465,34.8563,1.41271,0.00828789,-3.9,0,-0.469775,-0.483598,0.738542
-26.0855,1.377,42.48,-0.714491,0,1.9,1,-0.779267,-0.0464484,0.624969
4.88763,-13.6324,36.2663,-1.68564,-0.316467,-3.5,0,-0.0739513,-0.959561,0.271612
-1.00275,21.6765,4.69825,0.807276,0,-0.8,0,0.924586,0.123929,0.360252
6.2765,19.8935,18.7675,-0.0968798,0,-3.5,0,-0.736626,0.0824644,0.671254
6.5005,7.257,10.493,0.750233,0.788077,-3.5,1,0.468891,-0.63952,-0.609225
-7.79313,11.9751,28.2449,-0.045726,0,3.8,0,-0.106166,-0.282125,0.953485
-3.6325,19.655,8.38925,0.469961,0,4.2,0,-0.609933,0.180808,0.77155
-21.6625,12.8355,21.819,-0.204835,0,-3.5,0,-0.716213,0.484976,-0.501834
-7.289,22.851,22.892,-0.909129,-0.136811,4.5,0,-0.525176,0.850908,0.0120239
-15.334,8.0645,4.088,0.801591,0.019729,1.8,0,-0.546328,0.815444,-0.191253
-21.8342,-1.01325,25.1075,0.0890059,0,-0.8,0,-0.0968793,-0.989181,-0.110163
5.0055,-12.9583,30.542,2.13783,0,-3.9,0,-0.822722,-0.237688,-0.516364
-0.23675,17.9198,-2.9935,0.385183,0,-3.5,0,0.554182,0.36078,-0.750146
0.207,17.976,15.317,-0.218452,0,3.8,0,-0.303122,0.657319,0.689963
-16.3625,14.8915,30.3305,-0.388674,-0.0339842,2.8,0,0.580772,0.118047,0.805462
11.6,-1.216,22.057,0.0573297,0,-1.3,1,0.453878,0.0315889,-0.890504
-16.4657,6.09425,40.6992,0.15908,0,-0.500828,1,0.867613,-0.47517,0.146496
-20.5675,2.90325,38.432,-0.680447,-0.0119485,-0.8,1,0.540094,-0.82566,0.163044
23.9915,-0.171,12.768,-0.33429,0,1.9,0,-0.779575,0.411721,0.471963
23.3748,-7.996,9.675,-0.546202,-0.871943,1.9,1,-0.182441,-0.351592,-0.918204
21.1965,-10.8574,22.3361,-1.63439,-0.0746227,-1.6,0,0.051975,-0.968848,-0.242143
19.479,-8.2755,46.1595,-0.695103,-0.626558,1.9,0,0.653518,0.0927015,0.751213
-0.24,13.4195,-2.0555,-0.180473,-0.369675,-3.8805,0,0.889239,0.432254,-0.149702
-2.381,3.797,41.5965,0.82176,0.591811,-4.5,0,0.513025,-0.841312,0.170295
-2.848,-12.34,46.753,-0.167123,0,-3.5,0,-0.448145,-0.238934,-0.861439
-3.223,-4.989,42.8083,0.518555,0.12853,-0.7,0,-0.639023,0.768919,-0.0203165
-2.43,18.966,10.52,0.265358,0,-3.5,0,-0.464302,0.872774,0.150629
-3.9,-3.297,15.283,-0.0182068,-0.447397,-3.5,0,0.34082,-0.937949,0.0639757
3.276,18.726,11.097,-0.634654,-0.376336,1.59519,0,-0.403453,0.0501018,-0.913628
-1.85875,-6.5245,41.4072,-0.740584,-0.917724,-0.7,0,0.0637267,-0.300407,-0.95168
0.79025,12.077,-0.27675,-0.506453,-0.145011,1.24377,0,0.831026,0.556229,0.00213768
19.859,-0.292,21.327,0.276216,0.290776,-3.2,0,-0.105987,0.976822,0.185974
8.7335,3.5225,59.766,2.35664,0,-3.83099,0,0.193658,-0.112878,0.974554
-4.757,1.891,-1.03275,0.0811121,0,-1.6,0,-0.156277,-0.965512,-0.20824
10.9683,-9.317,52.9757,0.0590486,0,-3.5,0,-0.750334,-0.307398,0.58524
13.484,16.439,21.545,-0.41303,0,-3.5,0,0.0114323,0.679782,0.733325
19.3025,10.8985,34.5685,-0.046749,-0.116432,4.5,0,0.986307,0.164523,0.0114398
12.3889,-3.84225,20.307,0.319443,0,-4.5,1,-0.603187,0.759664,-0.243055
-17.017,16.918,17.9545,-1.20346,0,-3.5,0,0.0985692,0.892516,-0.440112
12.32,-0.051,55.07,0.589287,0,1.00845,0,0.985517,-0.163535,-0.0448565
-18.3507,1.17175,34.0485,0.290077,0,4.2,1,0.316531,-0.689951,0.65098
-6.131,10.202,28.453,-1.48307,-0,-3.5,0,-0.849906,-0.32607,0.413931
21.132,-5.43325,44.389,0.436329,0,-3.9,0,0.697367,-0.0201132,0.716432
-2.767,25.881,19.666,2.1851,0,-3.9,0,0.879811,-0.0482389,-0.47287
7.836,19.897,33.476,1.28234,0.258067,-3.9,0,0.796729,0.352089,-0.491179
2.198,19.9045,29.7135,-0.60417,0,-3.5258,0,0.872616,0.487963,0.0207969
-16.843,13.604,9.2285,0.205494,0,4.2,0,-0.905609,0.154206,-0.395086
23.412,-11.4832,41.9012,-1.68134,-0.898357,-3.5,0,0.603968,-0.793821,-0.0712164
7.6285,-10.998,49.223,0.0721707,0,-1.6,0,-0.309845,-0.936192,0.165954
23.0713,-1.61875,14.2083,0.609435,0.0514577,-0.824886,0,-0.423325,0.738591,-0.524671
-0.157,20.013,-0.421,-0.85998,-0.797887,-3.5,0,0.726215,0.683738,-0.0715075
13.3965,0.2955,56.842,0.178191,0,-1.6,0,0.786899,-0.601541,0.137616
-18.382,2.801,12.654,-0.738107,0,1.9,0,-0.475273,-0.632294,0.611817
-9.013,-5.0105,13.5565,2.67582,0,-3.9,0,0.448267,-0.720358,0.529284
11.5025,9.17025,24.2265,-0.253336,0,-0.8,0,0.381425,-0.842641,-0.380093
11.9505,16.0855,23.27,-0.698008,-0.830412,-0.7,0,0.381801,0.901888,0.202053
19.3525,14.0675,36.7935,0.239672,0,-3.9,0,0.844262,-0.458798,-0.276992
9.0125,18.026,27.7895,-0.283614,0,-3.9,0,0.207996,0.520226,0.828313
23.872,-11.106,12.685,0.0388571,0,1.9,1,0.864127,-0.489743,-0.115918
-3.571,-12.395,47.473,-0.178963,0,-3.5,0,-0.859541,-0.250137,-0.44567
-10.7847,8.3265,26.6782,-1.2688,-0.358318,1.8,0,0.980631,0.0342039,-0.192855
18.7075,0.136,18.5602,0.341879,0,3.8,0,-0.718829,0.106375,0.687
1.37875,3.0295,24.3403,-0.962132,-0.962724,-3.5,0,0.438867,0.0495749,-0.897183
12.3837,12.954,27.8435,0.144517,0,-4.39785,0,0.776815,0.500347,-0.382376
-4.487,20.393,28.546,-0.991889,-0.00533195,-3.5,0,-0.424688,-0.338207,0.839795
16.0705,11.975,56.878,2.59926,0,-0.8,0,0.547456,0.376135,0.747539
-18.359,0.443,25.3715,0.339943,0,-0.4,0,-0.0921851,-0.94806,0.30444
-22.393,12.234,14.409,-0.625941,-0,-3.5,0,-0.610225,0.792217,0.00417408
4.84775,1.297,40.522,0.340045,0,-1.3,0,-0.755892,0.518299,0.399992
-22.779,16.018,23.175,-0.210278,0,-0.7,0,-0.599731,0.119191,-0.791275
3.275,-11.673,43.2845,0.206546,0,-3.9,0,-0.538736,-0.586299,0.604993
12.455,-13.151,45.735,0.0231433,0,-3.5,0,-0.944669,0.163371,-0.284449
-24.989,16.078,40.569,0.421472,0,2.5,0,-0.321604,0.801349,-0.504392
-1.6155,7.142,11.0495,0.0886848,-0.276335,-1.6,0,0.824675,0.124206,0.551801
-16.4815,14.883,15.874,0.710736,0.621104,-3.9,0,0.558875,0.800863,-0.21512
-19.712,19.1775,22.7565,0.810039,0.910525,-0.7,0,0.0916293,0.892104,-0.442442
-23.9543,7.883,22.573,0.177728,0.798253,-3.5,0,-0.956281,-0.276496,-0.0952739
-1.636,18.5115,32.7345,-0.465742,0,-0.7,0,0.0465559,0.816121,-0.576002
-10.0425,20.3655,12.0065,0.158667,0,4.2,0,-0.223593,0.883666,0.411267
-14.6905,-5.50925,16.9245,2.61186,0.0244549,-3.9,0,0.180097,-0.59716,-0.781642
10.1385,-5.4955,26.1287,-0.839924,-0.194805,-1.3,0,-0.493811,-0.838413,-0.230684
23.579,3.632,26.735,0.790076,0,2.8,0,-0.6252,0.722704,-0.294659
-19.1255,19.5365,35.1325,0.812031,0.00608476,-3.9,0,0.360226,0.244724,0.900193
35.421,-3.439,14.586,0.205661,0,-0.4,0,-0.103961,-0.672041,-0.73318
4.577,20.3783,39.851,0.289005,0,-3.5,0,-0.186947,0.737791,-0.648625
0.914,10.881,-1.435,-0.894957,-0.545999,-3.9,0,0.786536,-0.43379,-0.439531
37.305,0.39825,12.1692,-0.72445,0,-1.77246,0,0.736504,0.300334,-0.606103
-21.645,12.3237,19.6144,-1.80603,-0.916246,-3.5,0,-0.558353,0.801813,0.212925
-4.54475,13.9192,31.5882,0.210532,0,-4.5,0,-0.358556,-0.020089,0.933292
10.3845,10.2343,18.8748,0.028219,-0.00976813,-3.43636,0,0.0114351,-0.546117,-0.837631
29.8072,-5.08425,11.1617,0.0574924,0,1.8,0,0.307972,-0.895127,0.322338
12.2315,-12.4785,43.9338,0.153741,0,1.9,0,-0.880024,-0.474873,0.00731848
-19.9385,11.808,40.546,-0.39359,0,-3.5,0,0.706007,-0.0406463,0.707038
34.1465,-2.5145,11.0865,-1.12601,-0.37314,1.9045,0,0.469454,-0.603972,-0.644074
-32.095,18.467,43.034,-0.0214113,0,-3.5,0,-0.945901,-0.0903123,0.311632
-14.3348,1.4505,37.101,0.559415,0,-4.5,1,-0.0715482,-0.153634,0.985534
-9.057,21.7052,19.604,0.178437,0,-3.5,0,0.211287,0.930128,0.300367
-3.234,12.393,33.282,-0.665023,-0,-0.8,0,-0.724211,-0.499163,-0.475767
15.226,-7.844,21.083,0.317247,0,4.2,1,-0.913359,-0.181093,0.364666
-11.6032,3.48938,6.505,0.319839,0,-1.52972,0,-0.523495,-0.67073,0.525427
-4.0455,17.7743,34.4357,-0.393673,0,-0.7,0,-0.902828,0.335523,-0.268933
9.5505,13.8822,37.5585,-0.482158,0,4.2,0,0.3645,0.674811,0.641693
-8.2585,19.0575,6.8775,0.847086,0,-4.5,0,-0.168942,0.96905,-0.179999
16.424,6.72575,47.84,0.379659,0,4.2,0,0.159534,0.945881,0.282593
-16.712,12.596,30.332,0.213119,0,4.2,0,0.374827,-0.0111198,0.927028
-20.1225,11.8805,42.6985,-0.409782,0,1.9,0,0.890374,0.330898,-0.312634
16.3568,18.3735,16.574,-0.20631,0,-3.5,0,0.857055,-0.404857,-0.318666
7.616,-5.64075,31.243,0.577838,0.276978,3.8,0,-0.396449,0.117137,-0.910553
11.6175,-0.848,57.028,0.33309,0,-2.54766,0,0.645618,-0.27796,0.711277
-11.1892,14.0085,3.7065,-1.65945,-0.838364,-4.5,0,-0.56866,0.231635,-0.789285
-5.629,9.328,27.949,-1.04993,-0.551954,-3.5,0,-0.587527,-0.807971,0.0446752
19.0675,-11.6195,37.679,0.132977,0,-1.6,0,0.11649,-0.982197,-0.147372
-12.466,15.181,15.0122,-0.0686583,-0.85845,-3.5,0,-0.511893,0.839256,0.183345
6.896,-10.309,50.138,0.00764038,0,-1.6,0,-0.297137,-0.730769,0.614561
4.497,-10.334,32.9975,0.933472,0.12907,-3.9,0,-0.802587,0.411907,-0.431493
19.826,-6.81,13.722,0.266788,0,-0.7,1,-0.778412,-0.53162,-0.333848
13.2645,12.5632,26.2235,-0.131984,0,-0.854219,0,0.620456,0.428594,0.656766
0.5735,2.581,30.5475,-0.657049,-0.82114,-2.80139,0,-0.335982,0.168509,0.926672
-23.8172,1.989,23.2375,0.0261536,0,-0.8,0,-0.861798,0.035954,-0.505977
-4.96075,3.567,30.8312,-0.0305808,0,-0.440304,0,0.964295,0.227974,0.134768
-26.0312,-0.978,40.7472,0.163769,0,1.9,1,-0.297453,-0.792983,0.531696
-15.0442,13.4478,7.476,0.164755,0,4.2,0,-0.275926,-0.427605,-0.860824
-27.311,19.178,42.277,0.91105,0.956157,-3.5,0,0.590377,0.392877,-0.705055
-3.1585,-2.4595,1.6345,-0.276157,-0.419683,-3.5,0,-0.657981,0.432069,-0.616748
23.7585,-1.302,13.392,0.02083,0.115169,-2.50378,0,-0.826129,0.559781,-0.0644654
-0.081,2.607,-2.869,0.113917,0,-0.9,0,-0.0228475,-0.522402,-0.852393
-5.738,12.7625,35.974,-0.028737,0,-0.8,0,-0.723497,-0.633514,-0.274248
-0.3425,11.7845,47.6955,0.0389969,0,-3.9,0,0.14306,0.988101,0.0564818
-1.66175,24.3555,27.2868,0.299854,0,-3.5,0,0.347152,0.893216,-0.285746
-1.95387,17.5971,43.5699,-1.21107,-0.357659,-3.5,0,-0.196437,-0.546548,0.814063
-9.48575,8.93475,24.2808,1.20965,0.761055,4.5,0,0.052371,-0.265155,0.962782
26.1405,-7.6465,29.6785,0.0904731,0,3.8,0,-0.0588609,-0.998094,0.0185359
31.9802,5.279,24.014,-0.159987,0,-3.5,0,0.564758,0.698731,0.439117
21.2795,-1.4165,23.5815,0.495924,0,4.2,0,-0.0205305,0.999778,0.00472631
-20.9705,3.4925,4.76575,0.688795,0.462742,-3.9,0,-0.531317,-0.634937,-0.560854
10.1418,1.34825,21.8022,0.343198,0,-1.3,0,0.302499,0.55053,-0.778081
-20.169,19.54,24.531,0.450448,0,-0.7,0,0.642691,0.765951,-0.0163488
-9.4465,1.855,26.823,-0.314882,-0.496511,1.17635,0,-0.208353,-0.964766,-0.16067
16.6122,17.5865,37.1838,0.208366,0,-3.9,0,-0.433635,0.901082,-0.00351345
-0.89925,8.49575,-0.988,0.129533,0,4.5,0,0.107178,-0.275668,-0.955259
-6.7395,5.41525,26.8345,0.5817,0,3.8,0,0.245006,0.930362,0.27276
-14.2916,18.3431,23.8625,0.907351,0,-3.9,0,-0.462992,0.610507,0.642588
13.4715,9.5485,49.364,0.302359,0,4.2,0,0.447123,0.155773,-0.880804
0.405,-9.9085,49.446,0.398632,0.104022,-3.5,0,0.824394,-0.436145,0.360765
27.871,-5.4405,12.4375,-1.32554,-0.182543,1.9,0,0.449697,-0.847054,0.283324
3.337,19.4005,35.1872,0.230427,0,-3.9,0,-0.592064,0.448194,0.669763
18.741,14.488,39.6507,2.01044,0,-3.9,0,0.56291,-0.581572,0.587287
-28.0705,13.9718,40.8255,0.319726,0,2.5,0,-0.741619,-0.657963,-0.130711
-6.125,25.463,22.481,0.352246,0,-3.9,0,-0.829747,0.339871,0.442728
10.8018,-8.1125,52.827,-0.274451,0,-3.5,0,-0.692692,-0.221911,0.686246
23.6335,-12.028,14.099,0.258788,0,1.9,0,0.716357,-0.0088345,0.697678
5.8395,0.8545,23.18,0.849863,0.523878,-1.3,0,-0.860176,0.506522,0.0594376
3.3735,-7.9375,55.4475,0.0821379,0,-1.6,0,-0.248517,-0.828849,0.501247
1.262,11.331,0.827,0.00411354,0,4.5,0,0.961961,0.236565,-0.136632
-7.96925,9.677,-2.98625,-0.0889824,0,-3.5,0,-0.356054,-0.17984,-0.916997
14.8472,12.7528,18.767,-1.25678,0,-3.5,0,0.669023,-0.290704,-0.684031
-28.8355,14.625,40.5925,0.196874,0,2.25494,0,-0.450813,-0.873307,0.184671
18.8202,0.36075,13.73,0.145517,0,3.8,0,-0.00563205,0.0249937,-0.999672
33.3975,3.643,10.7555,0.160769,0,-1.6,0,0.140243,0.750712,-0.645572
6.54537,-9.84138,28.9015,0.439172,0,-3.9,0,-0.275579,0.559317,-0.781806
3.067,0.189,34.297,-0.153135,0,3.8,0,-0.727009,-0.569826,-0.383087
9.8745,7.546,53.376,0.481482,0.299773,-3.5,0,-0.718014,0.396296,-0.572193
8.90025,-4.37125,23.8155,0.389682,0,-1.3,0,-0.4741,-0.879045,0.05009
-13.967,-2.2605,23.374,0.247732,0,-3.9,0,-0.411916,-0.247522,0.87696
20.5345,-9.8555,10.963,-0.55897,0,1.9,1,-0.809182,0.216225,-0.546326
-21.9778,6.65625,43.8465,0.287479,0,1.9,1,0.574899,-0.685683,0.446465
-24.189,16.9,45.4263,0.327931,0,-1.6,0,0.788313,-0.369152,0.492229
-7.49,15.9815,3.5145,0.501031,0,-2.59218,0,-0.651724,0.49624,-0.573586
-20.0305,6.352,18.158,0.148488,-0.137537,-2.11134,0,-0.824105,-0.470508,0.315394
14.715,-3.379,51.768,-0.317732,0,-4.5,0,0.968112,-0.16007,0.19271
-14.6788,-6.55925,19.4137,0.708459,0,-3.9,0,0.300674,-0.95137,0.0670024
-23.734,0.92,39.015,0.195989,0,1.9,0,0.882449,-0.369105,-0.291625
21.929,-9.0955,30.177,0.178562,0,-3.5,0,0.213934,-0.966767,0.139977
-5.05587,17.2549,-2.52025,5.51241,0,-1.6,0,0.225913,0.173947,-0.958491
-15.768,3.487,7.7675,1.70514,0.967274,-3.42721,0,0.856805,-0.376416,-0.352415
-12.3765,15.1585,14.0138,0.109118,-0.963718,-3.5,0,-0.560558,0.725267,0.399703
-22.942,4.54625,11.1278,0.0372722,0,-0.4,0,-0.28964,-0.762743,0.578214
21.2094,-14.1946,44.072,-0.0515512,0,-0.553249,0,0.676937,-0.72081,-0.148961
8.5725,22.0265,23.9315,2.6637,0.0484393,-3.9,0,0.408803,0.563961,-0.717515
-2.40675,14.4961,40.7424,1.05437,0,-3.5,0,-0.781305,-0.412914,0.468044
2.29725,6.47525,-0.60425,-0.0950552,0,-0.9,0,0.613917,0.734996,-0.287901
-25.3127,19.8359,44.2341,0.225122,0,-1.6,0,0.367191,0.894565,-0.254803
-26.39,9.0735,42.0895,-0.826902,-0.234876,1.9,0,-0.894811,-0.201517,-0.398377
13.4913,11.596,18.2157,0.482102,0.714422,-1.31846,0,0.436601,-0.0776711,-0.896296
1.201,5.094,50.056,-0.387349,0,3.8,0,-0.310529,0.265653,0.912688
-28.293,17.681,41.0235,0.801968,0.568118,-3.9,0,0.914986,0.257804,-0.310383
-5.1545,7.33025,40.472,-0.0692049,0,-4.5,0,-0.989172,0.0654019,-0.131384
28.3595,-6.4675,28.012,0.0979806,0,3.8,0,0.747868,-0.34055,-0.569841
-2.575,15.0933,5.4575,0.314428,0.424848,-0.272862,0,0.696105,0.613509,-0.372887
21.376,-3.463,44.3225,0.598716,0,-3.9,0,0.81669,0.0219407,0.576659
-29.6255,14.6917,39.9372,0.19343,0,-0.4,0,-0.0553857,-0.987603,0.146879
0.725,3.6875,36.432,1.13676,0.53184,-4.5,0,-0.501351,-0.863968,-0.0469698
11.5074,14.8802,36.3171,-2.33049,-0.46227,-3.5,0,0.0651924,0.226234,0.971889
18.2115,1.4365,42.3305,0.125611,-0.715072,-2.81578,0,0.970272,0.0942929,-0.222894
28.3265,1.624,21.1413,-0.416969,0,-3.57429,0,0.0617955,0.568842,-0.820122
2.358,-11.3212,41.2183,1.23012,0.0913729,-3.9,0,-0.904565,-0.294289,0.308475
25.443,-6.9835,11.8385,0.508679,0,1.9,1,0.841403,-0.525232,0.127173
18.7663,9.70125,31.1685,0.165879,0,4.5,0,0.799895,0.228631,-0.554883
-3.0545,3.856,39.013,0.798584,0.606152,-4.5,0,-0.221021,-0.951737,-0.212945
10.166,19.74,24.8325,0.0317855,0,-3.9,0,0.859848,0.44256,-0.254562
22.0882,4.773,29.8083,0.5257,0,2.8,0,-0.0334968,0.995662,-0.0868101
14.2317,14.443,25.2143,-0.329389,0,-0.7,0,0.744018,0.461156,0.4835
8.77575,8.50425,25.2138,0.327816,0,-0.9,0,0.388569,-0.680922,-0.620773
22.5275,-8.216,32.9315,-0.161369,0,-3.5,0,-0.134081,-0.986645,0.092485
13.1547,-13.945,35.1785,0.206398,0.203524,-3.9,0,0.250545,-0.93047,0.267307
31.5732,-0.20225,10.6663,0.212951,0,2.5,1,-0.182615,0.239663,-0.953527
6.92375,-1.716,58.2253,-0.356469,0,-3.5,0,-0.0549146,-0.349087,0.93548
0.58,0.63925,54.214,-0.299739,0,0.313622,0,-0.276934,0.867281,0.41368
16.4482,-11.5627,21.3703,0.138356,0,4.2,0,-0.530602,-0.832943,0.157061
-20.967,-0.8805,27.0095,0.82187,0.857617,-0.8,0,0.127693,-0.751926,0.646762
10.8352,-7.64625,28.2774,-0.927262,-0.23832,-0.4,0,-0.686714,-0.0601671,-0.724434
-4.37975,23.565,18.985,-1.33518,-0.298381,-3.5,0,0.508898,0.437856,-0.741151
29.8875,3.319,32.2735,2.40447,0,-3.9,0,-0.559303,0.748597,0.356065
-21.5065,8.1095,45.9967,0.159933,0,1.9,1,0.45125,-0.447149,0.772289
8.655,6.625,27.329,0.0984453,0,-1.67636,0,0.297983,-0.241785,-0.923443
19.034,4.221,40.317,0.148274,-0.0604587,-3.14336,0,0.56868,-0.802632,-0.179955
-10.794,17.5667,5.16125,0.13558,0,-4.5,0,-0.332122,0.753121,-0.567894
33.3465,1.9,24.564,0.0971447,0,-3.5,0,0.840643,0.132327,0.525176
-12.0702,-3.91875,23.971,0.392079,0,-3.9,0,-0.0102431,-0.0150488,0.999834
33.0715,-2.99775,29.2904,-0.842794,-0.0721493,-3.5,0,-0.207219,-0.0218923,0.97805
2.943,20.226,11.303,-0.0770938,0,-0.7,0,-0.434578,0.0875312,-0.896371
21.3255,-15.635,48.3382,0.943567,0,-3.9,0,0.650909,-0.480681,0.587591
-19.7935,17.6812,35.6973,1.15371,0,-3.9,0,-0.2003,0.192836,0.96057
0.234,13.9405,44.409,-1.34256,-0.0101425,-3.5,0,-0.724107,0.0496195,0.687901
-0.014,-0.1705,10.4015,-0.0625176,-0.476066,-0.7,0,0.880151,0.00749642,0.474634
-26.929,12.882,33.769,0.238553,0,4.2,0,-0.173812,-0.965728,-0.192766
8.227,-5.2735,54.0415,-0.483973,-0.303208,-2.2696,0,0.0984347,-0.836097,0.539678
-1.6145,18.97,33.635,-0.490804,0,-0.7,0,0.397866,0.912622,-0.0939396
12.282,5.43,58.703,0.913274,0,-1.6,0,0.416702,0.386643,0.822719
14.935,-15.156,32.426,0.116759,0,-3.9,0,0.529584,-0.847711,0.0304466
-14.441,-6.1025,20.426,0.825571,0,-3.9,0,0.0591949,-0.881228,0.46897
4.25,4.986,18.724,0.573281,0,-4.5,0,-0.383803,-0.923383,0.00765009
19.5508,-8.10125,17.011,0.195134,-0.371607,-0.8,1,-0.774135,-0.531013,-0.344586
22.647,-8.754,22.3178,-0.285562,-0.0174987,-1.6,0,0.96554,-0.117116,-0.232416
-5.64425,18.6397,28.3258,0.0986134,0.365091,-0.399508,0,-0.279813,0.450071,0.848022
-19.4443,2.4385,7.9785,0.151554,0,-3.5,0,-0.512523,-0.668177,0.539313
6.4445,-2.95675,56.204,-0.852222,-0.921373,-3.5,0,-0.164148,-0.77625,0.60868
37.712,1.798,18.048,1.12628,0,-3.9,0,0.966427,0.2471,0.070435
23.675,0.8415,34.701,0.205786,-0.48805,-1.30979,0,0.381952,0.842805,0.379201
1.28275,0.37525,55.3315,-0.7555,0,4.5,0,-0.223358,0.665062,0.712603
-13.105,9.599,6.293,0.842827,0,-4.5,0,-0.504459,0.517011,-0.691535
5.197,3.3525,58.5542,-1.0474,-0.840088,-3.9,0,-0.374884,0.58816,0.71661
-4.05325,15.2022,31.457,0.134982,0,-2.93101,0,-0.198341,-0.187444,0.962042
-8.18975,22.2568,22.9972,-0.814509,-0.13886,4.5,0,-0.785768,0.599389,0.152645
3.773,-8.868,50.188,-0.147285,0,3.8,0,0.0366513,-0.970928,0.236547
29.9503,-5.0795,18.4748,-0.326903,-0.366764,-3.5,0,0.347086,-0.907044,0.238331
-14.958,11.276,7.788,1.04108,0.999138,-4.5,0,-0.376837,0.343825,-0.860104
-2.462,-1.624,11.8825,0.26193,0,-3.9,0,0.727709,-0.390568,0.563823
-24.3005,6.596,6.3145,0.284115,0,-3.9,0,-0.769694,0.604103,0.206471
2.5665,-4.6605,1.298,0.11663,0,-0.4,0,0.697567,-0.715075,-0.0454773
21.9797,-6.44675,10.7277,0.651587,0.0133109,1.9,1,-0.562481,0.299412,-0.770692
16.1484,14.6204,20.3158,-1.0657,-0.0571059,-3.5,0,0.99318,0.115495,0.0159399
-8.308,21.5545,23.9935,-0.196736,0,4.5,0,-0.755216,0.645487,0.114002
4.04,0.8585,9.19,-0.444753,-0.651134,-0.4,0,0.621711,-0.286321,0.729037
18.9695,2.17575,27.9977,-0.279637,-0.893954,-0.7,0,0.024573,0.889009,-0.457229
12.3235,-0.165,57.275,0.305755,0,-1.6,0,0.398593,-0.713037,0.576802
32.471,-2.806,13.793,0.393547,0,2.5,0,0.426103,-0.898714,0.103683
21.0285,-12.756,11.6645,-0.0244127,0,1.9,1,-0.52586,-0.520665,-0.672592
12.636,9.492,56.899,-0.585894,-0,-0.8,0,0.367622,-0.365245,0.855249
-1.389,14.2747,-3.427,0.50114,0,-3.9,0,0.507131,0.168566,-0.845224
-0.6505,17.587,19.1485,-0.320125,0,-0.791356,0,0.477932,0.832521,-0.280159
-31.024,19.8638,36.907,0.0234591,0,-3.9,0,-0.836319,0.42942,-0.340835
-5.8035,16.146,31.7625,0.607675,0.616006,-4.5,0,-0.48073,0.281469,0.830466
13.7945,9.21425,56.3532,0.920148,0,-0.8,0,0.238433,-0.474694,0.847239
16.6998,1.49375,52.3587,0.122473,0,-4.5,0,0.431992,0.0521364,0.900369
22.5925,-11.9087,14.7795,0.44747,0,1.9,0,0.402073,-0.0498398,0.91425
4.6355,5.70575,8.97525,0.273028,0,3.8,1,0.707455,-0.626394,0.327318
-1.9885,21.9268,7.617,0.330817,0,4.2,0,0.309272,0.605244,0.733506
-0.06975,24.6947,4.7265,0.322846,0,-0.8,0,0.987464,0.0174995,0.156869
15.841,-10.136,38.904,-0.284558,0,-1.6,0,-0.626137,-0.742105,-0.239233
-5.377,13.172,35.0093,0.0833813,0,-0.8,0,-0.508263,-0.24653,-0.825162
23.0625,-2.9035,34.477,-0.17715,0,-3.5,0,0.725847,0.163598,0.668118
-14.6683,3.85875,28.621,0.11609,0.314546,1.27295,0,0.221969,-0.970154,0.0976312
-22.756,22.5455,33.3052,-0.105342,0,-3.5,0,0.0875104,0.928837,-0.360006
4.233,3.36325,58.0395,-1.03143,-0.0682423,-3.9,0,-0.684719,0.548373,0.480049
-0.35875,-1.2375,41.1535,0.379207,0,-1.6,0,-0.545209,0.0359229,-0.83753
10.3092,11.9495,44.3643,-0.278962,-0.253198,0.995545,0,0.916207,0.180856,-0.357569
25.0802,-6.913,8.87375,-0.908156,-0.470422,1.9,1,0.336119,-0.28334,-0.898189
7.35175,1.41925,28.048,-0.939291,-0.657575,-0.4,0,0.861447,0.505232,-0.0514826
5.344,5.9425,13.198,0.58762,0.366019,-4.05839,0,-0.764439,-0.573373,-0.294749
5.28825,20.8958,40.48,0.231388,0.224132,-3.5,0,0.061862,0.97029,-0.233901
-10.0782,19.232,21.4272,0.0814117,0,-3.88388,0,0.00318332,0.942839,0.333234
-9.762,14.08,26.658,0.290944,0,3.8,0,-0.616929,0.400474,0.677509
-28.363,19.435,27.4495,-0.722817,0,-3.5,0,0.148469,0.794998,-0.588163
-24.8573,-1.10575,39.4253,0.420547,0,1.9,1,0.468821,-0.835108,-0.287753
24.1085,1.863,24.7318,0.728298,0,-3.9,0,-0.9807,-0.19545,-0.00513552
-1.668,6.377,32.0905,1.71372,0.195966,-3.9,0,-0.380991,-0.73685,0.558478
1.779,-1.0525,24.4325,-1.31958,-0.326998,-3.5,0,0.287075,-0.767611,-0.573029
13.827,16.9247,32.836,0.22191,0.717299,-3.8538,0,0.074819,0.849063,0.522966
12.2855,11.074,40.729,-1.09772,-0.703511,-1.3,0,-0.458062,0.81028,0.365547
-17.6645,16.3713,17.1868,-1.68866,-0.578539,-3.5,0,-0.356022,0.778009,-0.517639
17.9387,-13.4875,48.6603,1.02798,0,-3.9,0,0.068865,0.00583908,0.997609
-20.1645,-1.8515,19.4102,0.11753,0,-3.9,0,-0.876826,-0.450103,-0.169065
25.57,-5.833,14.529,-0.455788,0,-3.5,0,0.305535,-0.934036,0.185002
17.4042,-2.827,47.4663,-0.10273,0,4.2,0,-0.0209526,-0.670144,0.741935
-11.535,5.868,1.0715,-0.184609,-0.0911456,-3.28596,0,0.547531,-0.38269,-0.744149
33.4157,3.192,30.555,0.40006,0,-3.9,0,0.971752,0.17948,0.153249
-16.3825,4.973,3.61675,-0.332985,0,1.8,0,-0.556458,-0.00993734,-0.830817
-1.24625,0.83775,46.745,0.164585,0,3.8,1,-0.910355,0.239316,-0.33761
1.61525,16.695,0.292,0.12737,0,-3.5,0,0.945726,-0.324532,-0.0167838
-24.9912,21.606,23.752,1.47117,0.661438,-3.9,0,-0.896835,0.0661331,-0.437394
-24.6928,9.93225,27.5678,0.0983088,0,3.8,0,-0.870436,-0.444841,0.210852
-3.3955,-7.7235,52.9345,-0.103026,0,-0.42769,0,0.220903,-0.27527,0.935643
7.533,15.9535,33.3162,-0.243616,0,4.2,0,0.5439,0.642547,0.539727
-29.339,11.611,33.571,0.938796,0,-3.9,0,0.500615,-0.865421,0.0207832
36.29,-2.8065,27.589,-1.2837,-0.860142,-3.5,0,0.960955,-0.272518,0.0479509
-3.4175,14.1097,31.7245,0.139664,0,-4.5,0,-0.677211,0.10934,0.727619
7.8455,7.93225,24.649,0.566824,0,-3.9,0,0.818274,-0.338218,-0.464797
13.905,11.9663,36.4548,-1.29334,-0.502094,-3.5,0,-0.3984,0.438833,0.805421
-0.7235,6.7385,9.85225,-0.114541,-0.0230918,-0.225633,0,0.546058,0.393446,0.739609
-10.367,7.8825,24.6332,0.50048,0.704383,4.33394,0,0.554206,0.328426,0.764847
7.046,21.4918,10.841,0.174296,0,-1.6,0,0.257716,0.925239,-0.278416
-14.274,2.9465,10.9635,-0.0813764,0,1.64862,0,0.504517,-0.681256,-0.530426
13.1882,16.322,34.7795,-0.970982,0,-3.70363,0,0.162765,0.85931,0.484866
5.651,18.435,27.283,-0.037604,0,-3.9,0,-0.462035,0.738224,0.491476
0.17275,-6.4795,36.1502,0.192321,0,-3.5,0,-0.805233,-0.441244,-0.396111
-17.557,4.33775,40.0223,0.196195,0,-0.7,1,0.466775,-0.818123,-0.335851
36.096,-1.855,27.986,-1.17883,-0.101139,-3.5,0,0.781916,0.421197,0.459564
-18.8167,3.65375,14.473,-0.0326722,0,-1.6,0,-0.419648,-0.881934,-0.21468
20.2127,4.161,46.9632,0.204263,0,4.2,0,0.99222,0.102677,-0.0703991
-23.995,5.9295,8.8815,-0.0825956,0,-1.74501,0,-0.993214,-0.11271,-0.0286734
-4.28575,-8.94225,53.1675,-0.0829798,0,-0.4,0,0.121582,-0.461258,0.878896
28.1725,5.67125,24.0818,0.751623,-0.36826,-3.70172,0,-0.0843139,0.792688,0.603769
13.1975,-2.0165,53.5315,-0.140991,0.0104729,-4.35509,0,0.833614,0.386565,0.394531
-0.3665,0.8265,41.7752,0.363329,0,-1.6,0,-0.653045,0.486368,-0.580499
14.2718,-13.7163,35.3703,0.527725,0.872129,-3.9,0,0.559443,-0.737708,0.377904
-0.35075,20.413,4.61575,0.169172,0,4.2,0,0.976381,0.0875354,0.197529
18.65,-3.04425,12.5055,0.158523,0,-0.7,1,-0.349601,0.176418,-0.920139
13.9598,-13.4958,36.4137,0.0523762,0.0591987,-3.52976,0,0.656859,-0.567241,0.496764
0.62875,-14.0068,48.191,-1.16785,-0.0932851,-3.5,0,0.979142,-0.20222,0.0197229
-21.9947,22.2878,36.5653,-1.71643,0,-3.5,0,-0.119589,0.835929,0.53565
-3.48625,8.293,48.877,0.34474,0,-3.9,0,-0.485671,-0.784186,0.386233
33.2052,3.46,29.6125,0.340375,0,-3.9,0,0.910397,0.271784,-0.311946
19.1068,6.51025,41.9478,0.0019453,0,-3.5,0,0.452498,0.26322,0.852034
12.9412,-15.2963,49.8647,-1.40635,-0.55774,-3.5,0,-0.417806,-0.513085,0.749788
14.7603,10.701,52.495,6.31445,0.455976,4.2,0,0.835158,0.256753,-0.486403
17.285,-1.264,51.187,-0.216719,0,-4.5,0,0.425269,-0.571287,0.701981
3.7225,-13.8737,35.56,-1.10493,-0.797807,-3.5,0,-0.486096,-0.870999,0.0712134
30.8463,1.59375,34.0933,2.53581,0.0657522,-3.9,0,-0.0287181,-0.391543,0.919712
21.309,-11.9762,15.0627,0.148478,0,1.9,0,-0.254294,-0.0777998,0.963993
-24.0975,23.08,25.763,1.41604,0.0218583,-3.9,0,-0.516174,0.851744,-0.0899864
2.073,17.1378,38.9227,0.0526813,0,1.81358,0,-0.11235,0.855762,-0.505023
-4.855,24.872,3.799,5.49698,0,-0.8,0,-0.765279,0.386483,0.514762
-5.747,-5.0025,2.239,-0.974784,0,-3.5,0,-0.519575,0.61439,-0.593773
-18.7502,-0.244,17.0235,0.545582,0.431399,-3.68721,0,-0.859588,-0.134791,-0.492889
-27.5135,15.637,38.6095,0.320876,0,-3.5,1,0.70978,0.691098,0.136368
0.12475,-5.38675,35.9308,-0.0708926,-0.0414841,-3.5,0,-0.969191,-0.168539,-0.179621
-0.684,11.3933,34.9878,-0.0365932,-0.366091,3.8,0,-0.712879,-0.700928,-0.0224358
19.9285,-9.055,17.502,0.645725,0.667662,-0.8,1,-0.280106,-0.774716,-0.566882
-4.097,-3.228,1.394,-0.108668,0,-3.5,0,-0.554215,0.425889,-0.715167
-16.4188,14.7382,8.31775,0.15207,0,4.2,0,-0.819173,0.279363,-0.500911
-25.0635,9.7515,37.5135,-1.20171,-0.108327,-3.5,0,-0.343602,-0.877536,-0.334466
-3.958,-1.116,44.997,-0.804499,-0.623932,-0.4,0,-0.634906,0.583798,-0.506038
35.902,-1.663,26.532,-1.11539,-0.314834,-3.5,0,0.783686,0.397164,-0.477595
-4.072,6.512,25.2555,0.841636,0,-0.4,0,-0.621968,0.244916,0.743755
-1.811,20.183,-1.522,-0.65156,-0.196089,-3.5,0,-0.554326,0.692873,-0.46114
6.239,21.8045,26.158,1.26456,0.481319,-3.9,0,-0.519519,0.494006,0.697179
4.452,-14.12,39.4315,1.5394,0.576861,-3.9,0,0.1582,-0.933864,-0.320734
-26.6505,1.213,38.4502,0.351983,0,1.9,0,-0.480521,0.143366,-0.865186
15.748,-15.8055,47.3935,-0.654393,0.0330903,-3.53141,0,0.67371,-0.734804,0.0785984
23.0965,3.74875,31.865,0.283767,0,2.8,0,0.616374,0.620177,0.485246
8.23,17.159,28.3428,-0.313453,0,-3.9,0,0.0905555,0.68123,0.726447
-7.90725,12.695,-1.3375,-0.572138,-0.0171123,-3.5,0,-0.472621,0.548637,-0.689657
22.4335,-9.82775,21.4468,-1.11902,-0.0752419,-1.6,0,0.823874,-0.340703,-0.452938
12.823,17.0105,14.636,-0.686994,-0.467979,-3.5,0,0.251558,-0.356103,-0.899949
7.74075,18.8495,22.9415,0.140839,0.159793,-1.44947,0,-0.00622743,0.661117,-0.750257
-20.2903,2.4805,29.6525,0.0262394,-0.0599157,3.7589,0,0.462897,-0.620257,-0.633251
1.597,23.4237,13.304,-0.015317,0,-0.7,0,-0.653779,0.726702,-0.210894
-19.6745,12.8073,31.9923,0.320777,0,4.2,0,0.859718,-0.0872154,0.503267
8.273,-7.991,52.265,-0.725724,-0.24912,-1.3,0,-0.0818536,-0.609775,0.788336
15.084,-1.995,21.5055,0.602918,0,-4.5,0,-0.013174,0.952062,-0.305622
30.721,6.33475,20.777,-1.91838,-0.656443,-3.5,0,-0.0798929,0.896446,-0.435891
7.46325,9.813,13.295,0.349372,0,-3.5,0,0.967118,0.0881762,0.238554
-10.084,0.9135,5.975,0.122289,0,-1.6,0,-0.716117,-0.627138,0.306389
-19.8267,21.914,35.5438,-1.48692,-0.666105,-3.5,0,0.630783,0.585778,0.508897
-26.006,-1.474,39.8,0.182483,0,1.9,1,-0.187928,-0.982179,-0.00269063
35.195,0.1925,22.781,-1.02703,-0.415529,-3.9,0,0.885911,-0.0307648,0.462834
-0.11175,9.85475,14.0393,0.386369,0,4.5,0,0.858403,-0.423785,-0.289052
-31.7197,13.4917,31.2175,1.64249,0.784883,-3.9,0,-0.386011,0.213839,-0.897368
-3.22575,14.821,39.868,0.367471,0,-3.5,0,-0.592259,-0.505547,0.627416
-7.689,16.8547,4.2425,0.521173,0,-4.5,0,-0.210587,0.548243,-0.809372
28.562,-6.2735,16.927,-1.84968,-0.232191,-3.5,0,0.0411991,-0.971972,-0.231458
-2.663,-1.8955,19.0845,-0.884924,-0.152477,-3.5,0,0.0576831,-0.788829,0.6119
-4.104,-8.3985,1.906,-1.77482,-0.31495,-3.5,0,0.110679,-0.935979,-0.334205
30.753,5.6185,19.928,-1.36265,-0.623819,-3.5,0,0.0785505,0.47859,-0.874518
33.827,-4.5665,29.416,-1.28629,-0.00959577,-3.5,0,0.0245262,-0.463342,0.88584
-29.119,16.6545,26.279,-1.1681,-0.204368,-3.5,0,0.0265582,-0.368171,-0.929379
13.3905,4.995,46.49,0.247931,0.0382183,2.95515,0,-0.186888,0.966176,-0.1777
24,-8.7065,34.6333,-0.10822,-0.450868,-3.5,0,0.77039,-0.450525,-0.451138
15.8275,13.418,53.6053,-0.541935,0,-0.8,0,0.685132,0.418212,-0.5964
10.24,2.169,22.754,0.452107,0,-1.3,0,0.230532,0.923735,-0.305891
2.188,23.855,14.115,-0.0230614,0,-0.7,0,-0.156434,0.969185,0.190285
31.514,3.938,12.0892,0.195712,0,-1.6,0,-0.627488,0.778279,0.0232452
-2.2,25.194,31.7502,-0.216873,0,-3.5,0,-0.472138,0.686839,0.552575
-24.2785,5.1255,4.327,0.948386,0,-3.9,0,-0.630879,-0.264769,-0.729307
-4.463,-3.5105,11.7305,0.165534,0,-3.9,0,0.0586951,-0.989151,-0.134668
-0.0745,-14.21,47.114,-1.13481,-0.107414,-3.5,0,0.447394,-0.349015,-0.823424
17.082,21.5855,18.054,-1.33756,-0.0687913,-3.5,0,0.807523,0.408126,-0.42584
38.252,2.69825,13.9785,-7.93642,0,-3.5,0,0.3451,0.827846,-0.442242
-1.59975,24.5785,1.36675,0.611832,0,-0.8,0,0.275198,0.320428,-0.906417
21.3255,-16.0495,47.368,0.318574,0,-3.9,0,0.66484,-0.7291,-0.162483
13.6245,13.9338,54.9535,0.398245,0,-0.8,0,-0.631823,0.75569,0.17243
37.1695,2.68975,18.8065,0.62097,0,-3.9,0,0.560088,0.800285,0.214114
-31.2175,21.8188,42.5735,-1.15517,0,-3.5,0,-0.647218,0.733961,0.205937
-27.5715,21.8638,37.9345,0.160782,0,-3.9,0,0.641407,0.737433,-0.211634
-23.763,4.1175,4.912,0.295604,0,-3.9,0,-0.374402,-0.838676,-0.395533
-19.4185,2.967,30.1965,0.108012,0,4.2,1,0.480509,-0.650532,-0.588149
16.5037,6.2665,44.032,0.303582,0,4.2,0,-0.175936,0.984319,0.0127682
5.95875,17.5033,29.099,-0.19798,-0.120617,-3.9,0,0.262347,0.933292,0.245233
-0.6295,24.3875,5.772,-0.261114,0,-0.8,0,0.61155,0.0659058,0.788456
21.3255,-14.6225,48.632,0.811403,0,-3.9,0,0.61414,0.0681261,0.786251
14.883,0.715,52.186,-0.412473,-0.999983,-4.5,0,0.0463202,0.0253191,0.998606
1.26925,1.70675,10.3702,0.249406,-0.0979469,-1.20059,0,0.591976,-0.722769,0.356608
20.224,-16.3465,47.9765,0.521837,0,-3.9,0,-0.0558004,-0.955852,0.2885
-16.357,16.3388,17.3022,-1.2157,0,-3.5,0,0.333672,0.728368,-0.59845
-30.116,21.347,43.803,-6.11012,0,-3.5,0,-0.120546,0.562171,0.818188
14.726,13.713,53.305,-0.971927,0,-0.8,0,0.0440011,0.67775,-0.733975
-1.731,25.561,5.813,-0.340102,0,-0.8,0,0.119633,0.580539,0.805395
-28.673,22.06,37.3525,0.209397,0,-3.9,0,0.0311805,0.883425,-0.467534
-30.116,22.239,42.5785,-7.60665,0,-3.5,0,0.0660902,0.981602,0.179133
-1.731,26.202,4.7785,0.317835,0,-0.8,0,0.04031,0.984145,0.172723
21.277,-13.8223,12.2498,0.141284,0,1.9,1,-0.252243,-0.881841,-0.398411
6.90275,21.396,35.1755,1.84153,0.114183,-3.9,0,0.36273,0.910651,0.197842
28.0672,-4.365,31.1117,-0.287163,-0.350351,1.59023,0,0.640571,-0.324827,0.695814
10.3429,-3.22062,21.8705,0.14955,0,-1.3,0,-0.00658445,-0.157556,-0.987488
12.727,20.1045,29.98,-1.53669,-0.784036,-3.5,0,-0.660074,0.653865,0.369816
0.583,24.7065,41.068,-1.36133,-0.0179569,-3.5,0,0.68065,0.730732,-0.0524069
14.7675,18.2155,26.918,-1.36947,-0.0293869,-3.5,0,0.199748,-0.0452451,-0.978802
30.3625,-5.1605,7.9005,0.0235376,0,1.8,0,0.510318,-0.540397,-0.668989
-30.151,16.937,45.876,-0.966167,-0.659844,-1.6,0,-0.475871,-0.189952,0.858758
25.8215,1.92325,17.0168,-0.232307,0,2.5,0,-0.281795,0.848023,0.44883
32.717,1.8255,19.1745,-0.807495,-0.248611,-3.9,0,-0.548206,0.670241,-0.500247
0.58625,18.6155,20.575,-0.542682,0,4.2,0,-0.0686811,0.800419,-0.595493
-31.28,12.5765,31.192,2.83023,0.0446569,-3.9,0,-0.197722,-0.230267,-0.952829
0.992,1.64825,30.4382,-0.704058,-0.443181,-1.55047,0,-0.236752,-0.240587,0.941311
36.4945,-1.704,20.1235,0.0946764,0,-3.9,0,0.782563,-0.204475,0.588035
16.5105,19.2458,27.5182,-0.305774,0,-3.5,0,0.535522,0.482511,-0.693108
19.453,-4.809,17.1865,0.572243,0,-0.797306,0,-0.982222,0.187614,-0.00641498
20.0688,14.8755,37.3872,0.507061,0,-3.9,0,0.917016,-0.308918,-0.252293
-30.7745,18.3875,36.0737,0.0222906,0.391007,-3.9,0,-0.811806,0.374842,-0.447732
13.9735,-12.9845,41.015,-0.702888,0,1.9,0,-0.336926,-0.834029,-0.436894
-16.396,15.0015,10.223,0.247458,0,4.2,0,-0.878349,0.468701,-0.0939317
-5.40775,25.2695,19.7157,2.11808,0,-3.9,0,-0.856484,0.118755,-0.502328
20.8377,-8.339,33.1092,-0.108866,0,4.2,0,0.409017,-0.912519,0.00385411
13.199,-10.8175,38.3455,-0.906264,-0.033982,-2.97756,0,0.918489,-0.34836,0.187146
6.278,-1.988,23.853,0.284719,0,-0.85,0,-0.708901,-0.547141,-0.44508
12.6765,8.78175,18.555,-0.453337,-0.878913,-0.8,0,-0.216196,-0.792483,-0.57029
-14.134,-1.5875,15.9642,-1.56018,0,-3.5,0,0.621063,-0.240802,-0.745852
1.40725,10.039,1.33025,0.0809462,0,4.5,0,0.978926,0.00149891,-0.204208
-4.884,3.0345,31.736,-0.56689,-0.247942,-1.3,0,0.937487,-0.347921,-0.00832004
-20.42,6.3895,42.7465,0.266818,0,-0.7,1,0.399812,-0.293336,0.868392
15.69,20.046,28.209,-0.443781,0,-3.5,0,0.238365,0.911525,-0.335118
19.334,-2.71725,48.5185,0.146139,0,4.2,0,0.151579,-0.694916,0.702934
32.5195,2.96125,25.9503,0.671064,0.796623,-3.9,0,0.9333,0.354602,0.0566399
-3.82175,19.9263,37.5275,-1.63862,-0.298505,-3.5,0,-0.0214793,0.975017,-0.22109
25.9643,5.78025,22.3678,2.54401,0.0974433,-3.9,0,-0.368711,0.784172,-0.499125
-13.51,17.9932,7.4735,-1.03067,-0.171357,4.2,0,-0.65332,0.67802,-0.33684
0.75225,1.3185,41.9103,0.365224,0,-1.6,0,-0.115143,0.893398,-0.43426
-23.0373,8.1585,46.28,0.27978,0,1.9,1,0.0481489,-0.388417,0.920225
13.0007,-7.83375,28.0508,-0.0925682,-0.710702,-0.4,0,-0.331687,0.304759,-0.892808
-18.2917,-0.1125,16.021,0.0459214,0,-3.5,0,-0.824263,-0.132529,-0.550478
5.398,17.826,28.0465,0.00647374,-0.00952727,-3.9,0,-0.258471,0.877716,0.403493
-11.6082,18.7638,8.08975,-0.186883,0,4.2,0,-0.356048,0.75786,-0.546698
13.7605,8.748,18.6725,-0.3988,-0.822372,-0.8,0,0.550566,-0.67076,-0.496949
0.6515,-0.856,24.1365,-0.928315,-0.277889,-3.5,0,-0.443841,-0.686999,-0.575359
18.1955,-14.0052,26.1257,-0.0324825,0,-0.8,0,-0.00423451,-0.699835,-0.714292
2.468,1.32975,31.5623,-0.640867,-0.512543,-0.797854,0,-0.745146,-0.574545,0.338609
9.203,15.4135,42.5565,-1.07811,-0.965103,-0.7,0,0.59367,-0.0461946,-0.803381
8.3705,10.6217,17.7488,-0.781962,-0.285551,-2.39794,0,0.631865,-0.65799,-0.409629
19.534,3.74775,42.8335,-1.11309,-0.61406,1.95695,0,0.970648,-0.240091,-0.0141069
7.64525,-7.6415,30.4055,0.584557,0,-3.9,0,-0.44106,0.528669,-0.725241
7.8565,18.0245,27.7945,0.0606077,0,-3.9,0,0.129389,0.397034,0.908637
14.1235,-6.11875,17.0347,0.498272,0,-4.5,1,0.449358,-0.700476,-0.554446
11.732,17.033,19.565,0.262428,0.278171,-3.5,0,-0.213851,0.643581,0.734896
-3.2795,0.47225,28.7505,0.477522,0.698684,-3.5,0,-0.403384,-0.730593,0.550922
31.995,-4.285,27.8337,-0.27575,-0.715325,-3.5,0,-0.381491,-0.835398,0.395695
-24.6145,20.694,29.9,0.73622,0.0326703,-3.9,0,-0.77324,0.608246,0.179266
5.06825,3.52025,40.0783,0.323537,0,4.5,0,-0.986461,-0.042719,0.158336
-6.1585,15.381,-2.147,1.57643,0,-1.6,0,-0.221816,-0.250556,-0.942348
6.64975,-10.6615,48.8872,0.0659799,0,-1.6,0,-0.412917,-0.90889,-0.0584711
-18.649,12.3317,10.7968,0.383851,0,-3.9,0,-0.520222,0.576407,-0.630178
-3.1545,19.504,42.0945,-0.670045,0,-3.5,0,-0.887538,0.459164,0.0380135
-22.3067,16.9955,22.606,0.012031,0,-0.7,0,-0.624397,0.207204,-0.753123
-3.93275,19.938,15.7288,0.280966,0,-1.3,0,-0.00859509,0.765618,-0.643238
-13.651,8.82125,3.666,0.418581,0.291797,-1.13276,0,-0.315704,0.804365,0.503317
5.7335,21.8585,12.3065,-0.100112,0,-0.7,0,0.285894,0.943786,-0.165927
19.992,-10.7145,22.3025,-0.286416,0,-0.456635,1,0.144047,-0.98662,-0.0763634
1.69525,20.144,43.4535,0.60501,0,-3.5,0,0.452146,0.544351,0.706573
10.0063,6.33875,14.9618,0.468531,0,-4.5,0,0.931981,-0.164624,-0.322972
24.8375,5.31725,24.3875,1.81771,0.695024,-3.9,0,-0.6941,0.699088,0.171758
-2.173,19.9212,23.3785,-2.0705,0,-3.6999,0,-0.30357,-0.255835,-0.91782
17.5545,10.1418,40.667,-0.0834171,-0.0507726,-3.5,0,0.31684,-0.0179295,0.94831
4.13875,0.14675,8.249,-0.283824,-0.303369,-0.4,0,0.717052,-0.435377,0.544319
34.019,1.15075,14.5033,1.10417,0.32804,-3.5,0,-0.290674,0.378586,0.878738
25.3335,-9.259,37.6775,0.0929778,0,-3.5,0,0.785931,-0.363464,0.500206
12.4125,-10.9165,39.352,-0.52977,0,-0.0684921,0,-0.0978592,-0.936402,0.337008
3.5465,3.812,0.4045,-0.146555,0,-0.9,1,0.947271,-0.281672,-0.152768
7.99875,21.8175,14.6385,-1.32423,-0.193308,-1.6,0,0.0724718,0.99474,-0.0723918
-4.856,4.24625,31.7,0.290298,0,-1.3,0,0.897474,0.302048,-0.321415
1.79325,-0.123,37.4092,1.03053,0.161592,-1.3,0,-0.972787,-0.0986879,-0.209636
8.4655,-10.793,41.682,0.0448072,0,4.2,0,0.125648,-0.804465,0.580559
-29.3598,21.8932,39.1502,1.58389,0,-3.9,0,-0.401071,0.84276,0.359023
21.534,-10.5833,21.4182,-1.22821,-0.593734,-1.6,0,0.312658,-0.807201,-0.500672
-19.502,19.0995,23.9097,0.841465,0.0636033,-0.7,0,0.483952,0.865213,0.131136
-18.9517,9.566,8.173,-1.17855,-0.614152,1.9,0,-0.32954,0.545942,-0.770293
11.5715,-5.98975,17.5462,0.967728,0.690888,-4.5,0,-0.774729,-0.420764,-0.471966
2.96425,7.01575,10.2577,0.35824,0,3.8,0,-0.218037,-0.330446,0.918295
-1.1415,3.70825,46.0045,0.330363,0,3.8,1,-0.990678,0.136035,-0.00718506
9.2135,6.4945,13.574,0.577501,0.375589,-4.5,0,0.821361,0.0130385,-0.57026
19.5495,-0.24425,19.329,0.526585,0,0.299138,0,-0.616405,0.413648,0.67003
0.202875,3.8685,22.4172,-1.81107,-0.301515,1.9,0,0.34895,-0.90461,-0.244775
-13.0485,3.859,1.5385,0.473171,0.684189,-3.5,0,-0.16552,-0.82529,-0.539906
-17.21,2.89725,31.0912,0.227085,0,-4.5,1,0.0984564,-0.770981,-0.629202
28.6065,-5.16075,18.6717,-1.60169,-0.0186116,-3.5,0,0.0803472,-0.732252,0.676277
16.7725,-7.417,48.844,0.243038,0,1.8,0,0.505448,0.457702,0.731458
17.7875,12.0177,41.2593,-1.31032,-0.172124,-3.5,0,0.393042,0.00292789,0.919516
-4.3515,5.907,36.9115,0.921473,0,-4.5,0,-0.891605,-0.274488,-0.360134
24.0312,-7.5125,18.0002,-0.764309,-0.969242,-0.8,0,0.795793,-0.467968,-0.384344
1.9835,-2.516,7.373,0.43734,0,-0.4,0,0.316606,-0.936036,-0.153613
23.3337,-8.999,9.985,-0.0704864,0,1.9,1,0.152324,-0.444334,-0.882816
-16.3078,13.6657,8.263,0.185204,0,4.2,0,-0.700663,-0.174937,-0.691714
21.908,-6.483,43.7885,0.214935,0,-3.52413,0,0.345104,0.250683,0.904467
4.659,-8.33125,55.3532,-0.0381436,0,-1.6,0,0.271911,-0.911875,0.307489
-25.3855,0.17025,42.589,-0.786863,0,1.9,1,-0.350698,-0.550171,0.757841
-29.602,14.295,44.482,-1.14334,-0.0335572,2.5,0,-0.917024,-0.398681,-0.0109883
-3.167,-7.228,1.2895,-1.59362,-0.288645,-3.5,0,0.569929,-0.367548,-0.734908
12.4805,5.256,45.758,0.438904,-0.0145311,4.2,0,0.368893,0.765893,0.526617
-16.673,9.5895,7.4535,0.321802,0,-3.30435,0,-0.389864,0.771859,-0.502234
-19.8745,12.3895,33.0293,0.491275,0.132437,-3.2,0,0.984269,0.15916,0.0767015
-8.438,12.9747,28.3715,0.133501,0,3.8,0,-0.205422,0.191547,0.959746
19.5135,2.2675,14.19,0.094526,0,3.8,0,0.319215,0.6118,-0.723742
-8.874,5.8465,32.8315,0.115308,0,-1.3,1,-0.340302,0.463183,0.818325
-7.41125,-1.2835,6.71625,-0.684233,-0.879536,-1.3,0,0.027919,-0.723341,-0.689926
-5.022,24.9102,2.73425,3.2975,0,-0.8,0,-0.800419,0.528003,-0.283801
15.3875,16.6005,18.374,-0.284631,0,-3.5,0,0.944393,-0.0894202,-0.316428
20.6795,-10.158,19.8315,0.0876381,0,4.2,0,0.543625,-0.712434,-0.443746
-5.2775,-4.602,52.7375,-1.34426,-0.438123,-0.4,1,-0.66489,0.633676,0.395445
-31.2895,18.8415,37.1365,-0.276364,0,-2.14577,0,-0.836722,0.337653,-0.431144
0.056,-10.794,49.929,-0.0554495,0,-3.5,0,0.907741,-0.193728,0.372123
5.69175,5.5265,51.9188,0.00923255,0,4.5,0,-0.609452,0.790293,-0.0632897
-24.3178,21.253,31.0847,0.944151,0.716118,-3.9,0,-0.625134,0.771343,-0.119323
14.8267,-16.6893,46.9603,-1.302,-0.837855,-3.5,0,0.353052,-0.746231,-0.564351
12.482,10.599,57.3732,-0.624707,-0.427215,-0.8,0,-0.0703864,0.150742,0.986064
19.5182,3.159,18.247,0.167835,0,3.8,0,-0.18141,0.744844,0.642104
-8.0335,20.2335,16.738,0.223372,0.0579805,-3.5,0,0.282236,0.78959,-0.544877
9.9345,5.17475,60.418,3.0631,0.635848,-3.5,0,0.455392,-0.320968,0.83042
28.5495,-4.81925,25.2757,-0.629893,-0.00452556,-3.5,0,-0.231185,-0.96584,0.117072
18.9175,1.6085,26.9198,0.178857,-0.288254,1.12513,0,0.0517245,0.765907,-0.640868
1.167,-2.58325,4.27075,0.777761,0.282823,-0.4,0,0.354415,-0.801103,0.482311
-16.581,-4.5285,16.579,1.06153,0.665146,-3.9,0,-0.720912,-0.314833,-0.617386
9.632,-2.507,21.568,-0.0301985,0,-1.3,0,-0.0025678,-0.109438,-0.99399
-20.9722,7.1445,43.4367,0.241992,0,0.165296,1,0.645348,-0.516183,0.563099
37.8312,1.417,17.101,1.19505,0,-3.7,0,0.866927,0.359664,0.345078
-21.6815,7.548,21.514,-0.147605,0,0.246508,0,-0.626705,-0.638447,-0.446795
-15.1735,7.145,-0.7655,0.0565147,0,-3.5,0,-0.727081,0.09853,-0.679445
-18.3193,15.372,16.6348,-0.793277,-0.689916,-3.5,0,-0.792296,0.531426,-0.299757
-2.78525,0.03025,12.8787,0.0575529,0,-3.9,0,0.892357,-0.346235,0.289516
30.206,5.492,24.193,-1.38452,0,-3.5,0,0.1756,0.64582,0.743022
18.0228,17.5665,29.5798,-0.0582052,0,-3.5,0,0.980265,0.0548559,-0.189924
-1.00775,8.1725,15.4285,0.420522,0,4.5,0,0.884225,-0.333785,-0.326701
7.7455,16.6423,41.9453,-0.403032,-0.467167,-3.29138,0,0.771337,-0.0748054,-0.632015
6.87213,-11.5878,40.1968,0.477379,0,-3.9,0,0.567209,-0.795074,-0.21478
24.1235,-5.2395,41.232,-0.903627,-0.0538812,-3.5,0,0.83839,0.329487,0.434212
-7.446,0.65675,31.7603,0.367344,0,-1.3,0,0.186832,-0.943075,0.275142
-24.9888,10.4725,32.3573,-0.00697817,0,4.2,0,-0.698526,-0.715093,-0.0265185
-23.111,2.3325,43.1505,0.0757264,0,1.9,1,0.618912,-0.59151,0.516782
23.6005,-0.2635,35.322,-0.135427,0,-3.5,0,0.681811,-0.583038,0.441816
-1.7145,18.9802,11.4167,-0.00869162,0,-3.5,0,-0.188173,0.981617,-0.0319096
4.67075,0.63725,43.0735,0.120807,0,3.70453,0,-0.512945,0.851117,-0.111747
9.34175,4.547,27.8522,-0.781811,-0.105195,-3.5,0,-0.21044,-0.888203,-0.408423
-14.1655,11.149,37.3525,0.190609,0,3.8,0,0.717473,0.137632,-0.682855
-28.125,13.956,31.005,-0.167061,0,-3.70066,0,-0.713239,-0.51417,-0.47636
-2.9735,22.407,30.9495,-0.287,0,-3.5,0,-0.724081,-0.290295,0.625648
17.1733,-15.171,45.4468,-0.234267,-0.398453,-3.69616,0,-0.162389,-0.94276,-0.291262
-24.1725,-0.1585,42.2793,-0.587406,0,1.9,1,0.391898,-0.729108,0.561086
-1.08225,24.9245,32.188,-0.396219,0,-3.5,0,0.0741836,0.571163,0.817478
32.015,4.21425,32.2622,1.4949,0.605959,-3.9,0,0.350066,0.877146,0.328739
13.7415,-16.7335,49.172,-1.32207,-0.695024,-3.5,0,-0.26978,-0.596958,0.755553
13.5413,8.46575,19.7248,-1.06525,-0.841421,-0.8,0,0.288798,-0.94932,-0.124048
-4.2775,11.7595,47.5245,1.57678,0.149739,-3.9,0,-0.436267,0.766712,0.470982
-2.03075,8.91,39.1068,0.236098,0.164151,-4.5,0,-0.449244,0.89249,0.0405228
13.1663,20.2572,19.676,-0.161113,0,-3.5,0,-0.53239,0.283594,0.797581
16.452,6.5165,30.2,0.237966,0,3.8,0,0.675903,-0.073147,-0.733351
20.13,-1.8195,48.6678,0.131434,0,4.2,0,0.653591,-0.118859,0.747457
-0.51375,23.1427,38.8795,-1.66171,0,-3.5,0,0.435976,0.20102,-0.877221
-30.3345,16.4848,32.6647,0.180429,0,-3.9,0,-0.744282,0.59458,-0.30417
12.3748,5.1625,46.894,1.38691,0.169846,-2.37317,0,0.543817,0.802331,-0.246025
-4.9245,19.7782,36.944,-1.26336,-0.367175,-3.5,0,-0.49479,0.843708,-0.208182
7.1715,22.22,17.7185,-0.892548,-0.406633,-3.5,0,-0.0809276,0.990301,-0.112935
4.8085,17.224,19.9338,-0.39427,0,3.58496,0,-0.127352,0.985264,0.114173
-19.4263,13.0457,45.5993,0.0865787,0,1.9,0,0.809685,0.488714,0.324915
34.0542,-8.90175,21.8018,2.32549,0.133563,-3.9,0,0.640273,-0.762352,0.0941853
2.053,22.2498,11.4607,0.0167801,0,-0.7,0,-0.220664,0.316909,-0.922429
-1.4955,5.044,28.8902,0.423006,-0.258282,-3.67872,0,-0.595007,-0.447147,0.667852
-20.806,13.402,36.6683,-0.846484,-0.623022,-3.5,0,0.769517,0.632816,0.0859538
-2.1065,-5.948,2.9915,-0.207647,0,-3.5,0,0.69643,-0.71727,0.022545
9.61,11.5345,45.7665,-0.624711,-0.0462255,-1.52382,0,0.394123,0.322954,0.860446
-3.0335,20.043,16.803,-1.09941,-0.44932,-1.3,0,0.485917,0.830563,-0.272119
-5.5855,9.7205,47.292,2.96031,0.0582105,-3.9,0,-0.856053,-0.166959,0.489182
-7.745,-3.429,18.037,0.255166,0,-3.5,0,0.677345,-0.637791,0.366641
-11.438,15.5885,24.2295,0.327208,0,-3.9,0,0.062701,0.171634,0.983163
11.163,8.865,58.185,-0.215997,-0.940721,-3.5,0,0.417758,0.788209,0.451889
5.7785,4.2835,55.6115,-0.130723,0,4.5,0,-0.233397,0.785968,0.572521
-5.42125,-1.18575,18.0155,0.44888,0,-3.5,0,0.0434527,-0.460765,0.886458
-19.468,19.8455,31.75,0.41614,0.246562,-3.9,0,0.61101,0.791076,-0.0294356
36.847,-2.59313,19.4835,-1.21104,-0.420293,-0.732369,0,0.752073,-0.222598,0.620352
19.5195,-13.3185,31.3445,-1.05546,-0.141668,4.2,0,0.815104,-0.367052,0.448194
-12.679,15.0028,4.7855,-0.105152,0,-4.5,0,-0.731655,-0.0207403,-0.68136
-4.751,23.3125,2.2375,4.83242,0,-0.8,0,-0.79724,-0.208138,-0.566646
7.4945,6.32525,54.8838,0.0870047,0,-3.5,0,-0.781529,0.572746,-0.247336
-27.929,12.7192,37.2445,-0.0232978,0,-3.5,0,-0.925101,-0.325374,0.195754
1.46275,5.03575,12.6385,0.447337,0,-1.6,0,0.567821,0.716382,0.405433
22.791,-1.5985,41.1035,2.56563,0,-3.9,0,0.733049,0.662432,0.154349
9.94825,6.389,60.391,0.611655,0.176274,-3.5,0,0.354943,0.0115236,0.934817
-5.7035,27.5432,20.1645,1.31946,0.83227,-3.9,0,-0.737601,0.644604,-0.201076
-7.4395,18.2512,-0.2175,0.311836,0,-1.6,0,-0.675125,0.723526,0.14393
4.57075,2.60025,4.921,-0.149604,-0.0866692,0.974604,1,0.954818,-0.201913,0.218068
-1.30725,9.92425,44.7745,-0.270562,-0.00152108,-3.84786,0,-0.463147,0.471774,-0.750283
-6.783,5.525,33.2005,0.453317,0,-1.3,0,0.149361,0.376891,0.914136
-29.4715,21.873,41.3635,0.647611,0,-3.5,0,0.41938,0.871652,-0.253658
34.753,-5.6965,23.4452,0.228676,0,-3.9,0,0.830548,-0.234823,0.505023
-18.616,11.384,35.6452,0.137196,-0.498995,-3.34989,0,0.503549,0.835837,-0.218668
-1.0085,22.3107,32.4902,-1.32804,-0.83841,-3.5,0,-0.31996,-0.442146,0.837933
8.537,14.2688,12.9965,-0.641638,-0.0196608,-3.48355,0,0.790738,0.0282186,-0.611504
3.71075,8.548,14.135,0.422323,0,-3.5,0,-0.757906,-0.647424,-0.0801336
-18.6515,16.1995,19.1395,-1.59375,-0.606254,-3.5,0,-0.968752,0.213449,-0.126329
19.3557,7.549,41.4794,0.220184,0,-3.5,0,0.268906,0.412528,0.870351
8.1505,12.7882,12.1788,0.139492,-0.231796,-2.16613,0,0.784581,0.620026,-0.000821224
25.747,0.1185,34.2095,-0.752735,-0.769732,-0.7,0,0.263338,-0.308478,0.914054
12.312,4.338,28.3355,-0.489697,0,-0.0761214,0,0.0228657,-0.610083,-0.792008
8.98725,20.8538,27.177,0.121423,0,-3.9,0,0.61709,0.444709,0.64918
-26.6555,5.72125,25.8522,-0.197771,-0.953578,-0.8,0,-0.325734,0.828786,-0.454984
2.99075,0.3315,31.444,-0.806023,-0.516025,-1.89001,0,-0.802716,-0.188357,0.565834
13.8403,7.50575,28.55,0.129756,0,-4.5,0,0.850732,-0.248419,-0.463187
5.236,1.3425,43.6785,-0.0132416,-0.262754,1.41289,0,-0.872682,0.421562,-0.246398
16.4832,-13.8565,31.5715,-0.007759,-0.231521,4.2,0,0.13973,-0.985335,0.0979285
22.2455,-7.92425,17.1185,-0.378504,-0.460359,-0.8,0,0.528511,-0.826418,-0.194188
-16.1735,4.2785,34.716,0.897741,0.234396,-4.5,0,-0.346663,0.547805,0.761402
19.0155,2.707,43.0475,-0.183354,-0.169179,1.8746,0,0.905769,-0.212675,-0.36654
-2.7515,11.7185,35.659,0.00412674,0,-0.8,0,-0.0856909,-0.996234,-0.01324
37.443,-2.518,17.964,-0.0231513,0,-0.4,0,0.948376,-0.224632,0.223882
21.2965,2.347,26.3403,-0.95983,-0.01029,2.8,0,-0.187529,0.446597,-0.874862
-28.7432,13.1465,44.197,-0.527767,-0.394977,2.5,0,-0.931208,-0.324339,-0.166302
-5.88475,-2.99875,46.8823,0.173376,0,-0.4,0,-0.971294,0.178534,-0.157204
17.1957,-14.0515,26.847,-0.209516,0,-0.8,0,-0.55677,-0.757801,-0.340213
-7.41575,17.8477,-1.3315,0.482033,0,-1.6,0,-0.798695,0.444576,-0.405509
-15.021,-0.33125,24.4762,0.167964,-0.0042908,-0.4,0,-0.122547,-0.905133,0.407083
-23.963,11.32,11.9392,-1.44004,0,-3.5,0,-0.562526,0.591368,-0.577796
13.6245,13.6458,53.8102,0.0689572,0,-0.8,0,-0.614687,0.651532,-0.444596
27.041,-7.48925,30.1042,0.0516365,0,3.8,0,0.309396,-0.868264,0.387805
-21.8875,13.121,46.4655,0.400647,0,1.9,0,-0.230309,0.515057,0.825635
-23.0935,1.73125,21.4718,-1.2581,-0.277731,4.2,0,-0.944288,0.0139897,-0.328824
-26.126,11.553,26.1418,0.0465649,0,3.8,0,-0.933624,-0.2038,0.294637
-0.2275,-7.2365,54.5795,0.260953,0.39599,-0.9,0,0.0967051,-0.973388,0.207761
-0.35025,-4.9655,56.5265,0.0823141,0,-0.9,0,-0.293437,-0.617818,0.729517
14.7732,-5.55175,48.4357,0.844221,0,-4.5,0,0.609384,0.0532814,0.791083
18.2612,1.742,41.301,-0.159089,-0.747586,-3.5,0,0.982899,0.136379,-0.123734
-24.8778,16.9915,35.4637,-0.389059,-0.471643,4.2,0,0.554896,0.359542,0.750213
21.1445,-7.479,10.878,0.250068,0,1.9,1,-0.815902,0.0934667,-0.570585
-24.3452,9.5265,16.3697,0.169817,0.0228515,-3.5,0,-0.814069,0.00409629,-0.580753
-16.919,-3.138,16.822,-0.306111,0.286148,-3.74318,0,-0.890144,-0.258546,-0.37523
-0.81525,0.73175,53.9328,0.0634523,0,-0.9,0,-0.286595,0.873164,0.394268
-7.742,1.3185,32.6535,0.275564,0,-1.3,0,-0.119517,-0.613218,0.780819
-6.46775,-5.40675,4.0795,-1.37676,-0.845803,-3.5,0,-0.634316,0.454004,0.625718
-20.8722,-0.583,24.2307,-0.143286,0,-0.8,0,0.194321,-0.966261,-0.169052
28.365,-5.4975,30.7647,-0.0269673,0,3.8,0,0.74073,-0.228072,0.631904
30.7915,-5.64825,20.7463,0.413532,0,-3.9,0,-0.834081,-0.470281,-0.288347
-0.12425,18.7747,44.5947,-0.166396,-0.0484767,-3.5,0,-0.0298971,-0.0537378,0.998107
-19.4223,21.2995,33.7448,-1.32967,-0.480224,-3.5,0,0.665487,0.53718,-0.518233
35.0725,-1.94275,28.7132,-1.13695,0,-3.5,0,0.434135,0.494352,0.753089
17.96,-0.7065,21.9228,-0.820185,-0.090352,-3.2,0,-0.512375,0.811611,-0.280641
4.3255,-8.2295,51.509,-0.954813,-0.0935702,-0.769404,0,-0.109584,-0.94195,0.317365
-10.1657,19.2588,13.3085,-0.0376197,-0.150318,3.01504,0,-0.240333,0.907896,0.34346
-30.3295,17.0885,34.841,0.458954,0.560209,-3.9,0,-0.852959,0.302426,-0.425441
2.35425,6.85,41.3438,0.498641,0,-3.5,0,0.62004,-0.78451,0.00973918
0.87,-6.89125,54.4912,0.323981,0,-1.45946,0,-0.00095401,-0.997884,-0.0650167
14.8015,-17.3277,47.883,-1.43442,-0.140921,-3.5,0,0.537652,-0.837829,-0.0947276
-3.1875,-14.8208,49.416,-1.7014,-0.502555,-3.5,0,-0.514879,-0.84877,0.120369
4.6365,6.887,3.038,0.161731,0,2.8,0,0.640118,0.628037,-0.442514
31.9142,-8.93625,22.0077,2.96572,0.11915,-3.9,0,-0.572864,-0.819042,-0.0315716
-21.2808,13.4648,14.8322,-0.755386,-0.300423,-3.5,0,-0.519547,0.853849,0.0318143
27.0105,-5.365,17.4395,-0.991257,-0.307421,-3.5,0,-0.27711,-0.954281,0.112064
-28.8888,13.6027,45.3408,-0.813148,-0.319704,2.5,0,-0.732787,-0.132689,0.667396
7.4635,1.2505,29.1838,0.290384,-0.171094,-0.4,0,0.705984,0.614846,-0.351499
-1.1655,2.65325,30.2003,-1.25316,-0.105019,-3.5,0,-0.344429,0.406595,0.846197
10.491,11.0677,43.8355,-0.730618,-0.578171,-3.5,0,0.717937,0.624535,-0.307445
24.7943,-9.13475,42.7238,-1.24958,0,-3.5,0,0.705395,-0.106189,0.700815
-24.3145,11.6167,17.2465,0.0525161,0,-3.5,0,-0.75476,0.651571,-0.0761035
9.26325,9.1615,7.87275,0.429,0,-3.9,0,-0.269389,-0.830626,-0.487329
-0.94725,11.339,36.7583,-0.857975,-0.88415,-3.5,0,-0.538323,-0.616937,-0.574106
20.4112,-3.38025,46.9378,0.171531,0,4.2,0,0.684588,-0.656146,0.317509
18.3592,-14.9,48.5218,1.43443,0.335876,-3.9,0,-0.218702,-0.442654,0.869613
32.1258,-3.28325,11.2452,-0.17913,-0.0939918,2.5,0,0.4522,-0.864836,-0.218117
-19.1413,-0.47,32.201,0.160014,0,4.2,0,0.480331,-0.867128,0.131801
-28.9735,17.8155,26.281,-1.31363,0,-3.5,0,-0.2006,0.249673,-0.947324
-30.131,18.6215,34.8555,0.614908,0.506866,-3.9,0,-0.795665,0.373683,-0.476736
-0.7375,-4.0065,57.061,0.0889975,0,-0.9,0,-0.488528,-0.314056,0.814069
9.6895,18.4832,10.7105,0.0743307,0,-1.6,0,0.825007,-0.153286,-0.543936
3.285,3.2225,54.339,0.0120096,0,4.5,0,-0.757539,0.564059,0.328592
-0.501,21.2535,3.856,0.170654,0,1.69843,0,0.962037,0.083115,0.259956
-3.762,19.6483,36.5112,-1.90913,-0.671044,-3.5,0,0.0691854,0.874497,-0.480071
-11.4233,4.7575,1.3745,0.113981,0,-2.59144,0,0.294587,-0.237944,-0.925528
-25.5597,12.8235,24.4832,-0.0620386,0,3.8,0,-0.771101,0.349301,-0.532346
8.385,-3.805,30.16,0.32854,0,3.8,0,-0.420481,-0.878143,-0.228169
-13.009,-0.535,33.4735,1.09387,0.781195,-4.5,0,0.449971,-0.893043,0.000361726
-3.434,3.533,41.3625,0.982512,0.588631,-4.5,0,-0.256222,-0.961999,0.0943831
-15.867,3.142,6.6745,1.01908,0.310813,-3.5,0,0.912413,-0.289466,0.28933
23.473,-3.993,36.538,-0.937403,-0,-3.5,0,0.656208,0.742618,0.133828
-22.2635,12.224,12.642,-0.503408,0,-3.5,0,-0.317882,0.882656,-0.346222
-4.9085,-2.3865,17.5037,0.632524,0.421753,-3.5,0,0.159918,-0.635656,0.755227
7.071,6.371,56.195,0.120253,0,-3.5,0,-0.99177,0.0787303,-0.100966
32.389,1.4385,27.103,0.231001,0,-3.9,0,0.996273,0.0771121,-0.0386496
0.472,17.07,-2.4135,-0.226379,0,-3.5,0,0.868276,0.0118544,-0.49594
-19.5715,0.39675,2.984,-1.14556,-0.674841,-3.5,0,-0.513452,-0.457395,-0.726056
0.112,0.05975,55.2835,-0.106781,0,-0.9,0,-0.176135,0.895794,0.408081
-9.108,-4.45575,14.4915,-0.0240702,0.439573,-3.81105,0,0.676381,-0.715316,0.175592
0.9895,-2.582,11.2695,0.768645,0.422368,-0.7,0,0.77509,-0.0810207,0.626634
4.2395,1.125,5.929,-0.232142,-0.942308,-0.9,1,0.909199,0.383412,0.162337
-21.231,14.377,37.4162,-0.571133,-0.524499,-0.871033,0,0.936633,0.323454,-0.134526
-23.616,12.2705,46.1845,-0.437506,-0.509791,1.82913,1,-0.0117464,0.151209,0.988432
-3.379,15.6315,32.148,0.106015,0,-0.7,0,-0.788891,-0.428563,0.440437
36.0177,-4.55675,15.9637,0.0784642,0,-0.4,0,0.0810721,-0.978061,-0.191894
24.414,-13.3337,27.36,0.161272,-0.195856,-0.8,0,0.589666,-0.535195,0.604863
10.193,-9.0515,52.4,0.164301,0,-2.58934,0,-0.367248,-0.24767,0.896543
32.0202,4.70675,31.3075,0.419861,0.0389388,-3.9,0,0.363682,0.863159,0.350274
0.5415,22.4853,27.3675,0.193979,0.0443918,-3.5,0,0.518776,0.796681,-0.310113
23.328,-0.2555,9.53525,-0.603211,0,1.9,1,-0.75195,0.115259,-0.649067
-27.148,4.885,25.4447,0.156909,-0.196129,-0.8,0,-0.644311,0.171731,-0.745233
28.7155,-4.4695,29.9615,0.0307881,0,3.8,0,0.885001,-0.248951,0.393443
-29.9005,19.601,29.8885,-1.04599,-0.248275,-3.5,0,-0.599357,0.643869,0.475609
9.515,3.075,59.1315,2.99383,0,-3.89405,0,0.398023,-0.182449,0.89905
17.4155,-1.634,23.1095,-0.130092,-0.482503,-3.79649,0,-0.415502,0.876979,0.241383
7.31825,5.377,59.317,0.63427,0.0434799,-3.5,0,-0.839403,0.0780054,0.537883
24.0595,-12.3988,13.1158,0.161809,0,1.9,1,0.959745,-0.279614,-0.0265492
0.73275,-0.8365,40.7795,0.440546,0,-1.6,0,-0.394595,0.268681,-0.878695
-5.42325,3.70875,33.6675,0.376671,0,-1.3,0,0.280985,0.0388942,0.958924
15.4628,8.478,30.478,0.381311,0,4.08534,0,0.465301,-0.166449,-0.869361
27.8825,2.5855,32.6693,0.318177,0,-0.7,0,0.0355413,0.709096,0.704216
-16.9231,1.10687,33.0405,0.260386,0,4.2,1,0.412619,-0.910896,-0.00385326
-21.851,13.1958,16.537,-0.0889983,0,-3.5,0,-0.310766,0.950323,0.0176064
-27.6045,16.2055,39.6385,0.440257,0,2.5,1,0.785874,0.606559,-0.120368
-1.7925,14.8243,41.69,0.762885,0.420124,-3.5,0,-0.760963,-0.257343,0.595575
-17.4095,0.1045,3.9805,-0.883023,0,-3.5,0,0.377141,-0.895636,-0.2358
-16.9365,14.6445,11.4255,0.469236,0,4.2,0,-0.76391,0.557045,-0.325794
-13.633,9.214,38.577,0.211349,0,3.8,0,0.910897,0.0585194,-0.408462
-11.429,22.5683,18.1082,0.387552,0,-3.5,0,-0.416807,0.809865,-0.412783
11.267,17.2658,35.486,-1.58403,-0.143561,-3.5,0,-0.015661,0.933178,0.359072
14.264,15.3927,15.01,-1.16575,-0.134242,-3.5,0,0.193704,-0.524966,-0.828788
30.753,4.60025,19.862,-1.02611,-0.0239056,-3.5,0,0.227585,-0.104643,-0.968119
2.11675,11.0463,2.72125,0.0202168,0,4.5,0,0.922971,0.372991,-0.0948762
-25.8587,4.03625,43.6582,-0.171377,0,1.9,1,-0.795291,-0.252452,0.551162
-21.129,22.4215,35.8237,-0.816724,0,-3.5,0,0.175168,0.938037,0.299002
29.3838,-3.848,29.2665,0.286665,0,3.8,0,0.686227,-0.376435,0.622406
2.5505,9.9155,49.053,-0.158676,0,-3.9,0,0.184598,0.38385,0.904756
-6.2335,14.4972,38.5718,0.356303,-0.413234,-0.8,0,-0.865567,0.193232,0.462013
17.9945,11.131,40.8095,-1.28413,-0.847399,-3.5,0,0.566088,-0.252699,0.784658
-10.0215,-6.0005,18.458,0.37752,-0.765694,-3.55241,0,0.624535,-0.780248,0.0341999
37.4688,-3.19775,15.352,-0.144514,-0.0879935,-2.41939,0,0.707707,-0.607623,-0.360478
17.1375,15.2245,29.648,-0.405755,-0.284204,-3.5,0,0.782291,-0.217723,-0.583624
15.018,-13.0336,34.6982,1.02885,0.170035,-3.25649,0,0.832718,-0.288024,0.472888
16.677,11.7472,54.669,4.70159,0,-0.8,0,0.840837,0.107968,-0.530411
16.027,22.211,17.9578,-1.43223,-0.513828,-3.5,0,0.0232363,0.808844,-0.587564
-3.53275,18.8598,42.9548,-1.41294,-0.113252,-3.5,0,-0.901447,0.219916,0.372868
-16.1735,16.0975,11.7195,0.260699,0,4.2,0,-0.63267,0.77442,-0.00119843
-16.709,9.32975,6.449,0.198458,0,1.8,0,-0.36579,0.820835,-0.438666
-18.999,19.7165,29.372,0.173155,0,-3.9,0,0.576911,0.727589,-0.371197
-2.78025,-14.663,48.3295,-1.5834,-0.171276,-3.5,0,-0.394295,-0.778352,-0.488569
23.0427,-0.2605,39.534,-1.44895,-0.607072,-3.5,0,0.708458,0.119262,0.695604
2.4775,6.6405,0.66,-0.087483,0,-0.9,0,0.637488,0.763313,0.104702
-21.427,4.9695,15.518,0.0911382,0,-1.6,0,-0.798259,-0.601983,0.0199748
18.0063,-11.0485,47.4995,-0.527436,0,-3.5,0,0.740672,0.35185,0.572369
9.392,8.86225,9.6935,1.97149,0.0794762,-3.9,1,-0.45721,-0.889098,-0.0215588
12.002,6.122,27.5055,-0.838242,-0.515914,-3.5,0,0.346134,-0.207282,-0.915
13.712,-15.4545,45.2055,-0.128753,0,-3.5,0,0.013977,-0.74194,-0.670321
-30.7365,20.3405,39.2513,-0.10947,0,-3.69587,0,-0.647748,0.727807,-0.225208
16.2087,3.4825,28.489,0.493608,0.934936,-0.7,0,0.292664,0.652333,-0.699149
-4.044,19.5298,0.557,0.1335,-0.318115,1.26263,0,-0.279257,0.851642,-0.443533
8.15225,6.4225,51.2665,-0.145241,-0.192032,0.940747,0,-0.272051,0.724554,0.633253
19.1285,-3.58775,47.0638,0.284424,0,4.2,0,0.153984,-0.786564,0.598002
12.7475,-6.7025,54.9715,-0.682083,0,-3.5,0,0.00755801,0.127325,0.991832
-4.90125,16.7358,36.5358,-1.37981,-0.283043,-2.12765,0,-0.93064,0.0361363,-0.364147
6.022,-2.41975,57.7065,-1.02112,-0.0479702,-3.5,0,-0.407972,-0.649232,0.641916
-3.08625,-6.7825,41.688,0.638042,-0.0516054,-0.7,0,-0.528043,-0.437951,-0.727578
18.4275,13.1908,39.0817,-0.379979,-0.0507661,-3.69638,0,0.89338,-0.372896,0.25064
12.1757,-4.93675,17.153,0.531284,0,-4.5,1,-0.644237,0.450219,-0.618272
-17.734,2.0145,12.5595,-0.868969,0,1.9,0,-0.483425,-0.749211,0.452751
27.1435,-5.343,23.9023,0.0695347,0,4.2,0,0.170203,-0.950571,0.259703
-27.2645,19.0475,38.842,0.0530261,-0.739001,-3.9,0,0.607988,0.0228491,0.793617
-25.1723,8.55275,18.61,0.186152,0,-3.5,0,-0.863717,-0.0790801,0.497735
19.2638,1.83175,43.5455,0.17851,0,4.2,0,0.846395,0.163116,-0.506961
-21.898,5.8935,13.3445,-0.485382,-0.233041,-0.4,0,-0.728594,-0.581171,0.362479
12.034,-7.123,20.3997,0.368982,0,-4.5,1,-0.180826,-0.957464,0.224866
-0.6365,-3.2,0.109,-0.133601,0,-0.4,0,-0.448167,-0.209091,-0.869153
6.8945,-10.896,38.924,-0.00781621,0,-3.9,0,0.531648,-0.831182,-0.162744
-2.39175,16.3388,41.8175,-0.0147435,0.109511,-3.5,0,-0.592225,-0.572758,0.566761
-21.6115,5.642,14.6225,0.0756351,0,-1.6,0,-0.834389,-0.509318,-0.21069
19.6042,-12.3105,25.4385,0.161389,-0.478728,-0.8,0,0.0486612,-0.664799,-0.745435
-5.62075,21.2855,6.108,0.538921,0,4.2,0,-0.603662,0.678358,0.418835
31.512,3.944,20.394,-0.701473,-0.345365,-3.5,0,0.410747,-0.158532,-0.897861
-5.094,-4.35475,4.84325,-0.106453,0,-3.5,0,-0.863067,0.190196,0.467911
20.438,-11.5705,46.163,0.550111,0.113112,-0.514194,0,0.568349,0.677736,0.466533
18.5917,2.7,49.578,-0.901156,0,3.65815,0,0.549132,0.504899,0.665981
16.675,10.7887,40.9022,-0.732921,-0.200202,-3.5,0,0.0908512,-0.158617,0.983151
-4.6455,19.5155,7.6475,0.557241,0,4.2,0,-0.382564,0.23529,0.893467
5.9475,21.6693,13.8757,-0.667696,-0.0324196,-0.741343,0,0.432854,0.901068,0.0267123
5.8185,-1.1405,58.29,-0.384286,-0.53586,-3.5,0,-0.506766,-0.360562,0.78306
22.9342,5.174,34.274,2.0281,0.196612,-3.9,0,0.741452,0.293273,-0.603523
-1.2135,0.34425,45.769,0.427159,-0.0638143,-1.49894,1,-0.82048,0.569947,-0.0444287
-4.35075,22.1345,18.0115,-1.08356,0,-3.5,0,0.606132,0.271221,-0.747692
-23.6028,23.4988,24.9912,1.49475,0.772597,-3.9,0,-0.274818,0.955875,-0.103813
-21.201,3.0175,6.9515,-0.147539,-0.492076,-3.7121,0,-0.539568,-0.840828,-0.0433036
-21.532,2.48975,38.3815,-1.12574,-0.11008,-0.8,0,0.153804,-0.956888,0.246394
28.9083,4.24275,28.5168,-0.0116984,0,-3.9,0,-0.267593,0.802983,0.532552
-20.8585,20.499,28.6112,0.0986839,0,-3.9,0,0.804785,0.37948,-0.456418
16.0845,-11.326,26.8283,-0.483117,-0.977405,-0.8,0,-0.785317,-0.502503,-0.361619
-14.2505,-0.193,35.9977,0.859025,0.761928,-4.5,1,0.0296087,-0.889223,0.456516
3.146,-8.519,51.0602,-0.189911,0,3.8,0,-0.151705,-0.844925,0.51292
29.23,-5.90637,17.8353,-1.61437,-0.507551,-3.5,0,0.409975,-0.839674,0.356185
23.2605,-13.4515,27.4648,-0.577852,-0.833085,-0.8,0,-0.0288915,-0.751217,0.659423
6.71725,1.56025,22.8305,0.544375,-0.154818,-1.3,0,-0.389789,0.913306,0.118051
37.2745,-1.0405,11.596,-1.34996,-0.335987,-1.98117,0,0.802244,-0.346209,-0.486357
-4.2075,4.15775,41.4712,0.595532,0,-4.5,0,-0.709159,-0.680269,0.185278
-16.1045,6.2235,1.8115,0.100021,0,-3.5,0,-0.930532,0.00700774,-0.366144
-22.0247,4.973,23.901,0.0020783,0,1.1683,0,-0.923865,0.211299,-0.319101
12.9572,15.75,22.2048,-0.643247,-0.46702,-2.119,0,0.244769,0.86032,0.447143
11.6685,-10.243,52.975,0.168434,0,-3.5,0,-0.622791,-0.643501,0.445013
15.7917,18.6798,31.5963,-0.0727735,0,-3.5,0,0.175454,0.698414,0.693854
1.33175,10.8405,47.687,0.0616435,0,-2.35601,0,0.286318,0.819819,0.495902
8.16125,8.1025,50.4325,-0.375811,0,-3.5,0,-0.314892,0.39743,0.861912
15.6678,20.8425,20.6355,-1.02988,0,-3.5,0,-0.0898611,0.450263,0.888363
18.3315,5.4135,43.5708,-0.318906,-0.143157,2.11319,0,0.73522,0.672257,0.0867315
14.1882,-5.3315,51.2395,0.210584,0,-4.00003,0,0.878127,0.112361,-0.465047
-2.7865,8.319,-1.564,-0.510418,-0.00384682,-3.35845,0,0.426962,-0.635571,-0.643236
14.9473,-3.07375,50.8097,-0.335169,-0.209108,-4.5,0,0.787312,-0.550345,0.277956
-5.9555,2.014,32.3445,-0.533321,-0.757705,-1.3,0,0.612925,-0.769077,0.181228
13.8045,8.376,49.8595,0.483837,0,4.2,0,0.458712,-0.0398894,-0.887689
19.9795,-11.8715,47.653,0.0678411,0,-3.9,0,0.335499,0.739737,0.583291
-3.5835,2.06125,0.75575,0.095857,0,-0.649121,0,-0.166485,-0.92719,-0.33556
-4.834,-1.5255,4.69325,0.166098,0.356385,-2.983,0,-0.86739,-0.469168,-0.165878
-1.94525,12.5083,41.0795,0.0662303,0,-3.5,0,-0.863372,-0.365471,0.347879
22.4725,-13.4358,26.5088,-0.171744,-0.870215,-0.8,0,-0.278367,-0.954723,-0.104959
30.998,-4.6805,25.737,-0.345698,0,-3.5,0,0.178013,-0.955151,0.236638
5.68,18.266,45.4155,-1.17612,-0.681183,-1.6,0,0.523908,0.72307,0.450211
-19.1901,12.7654,11.537,0.413016,0,-3.9,0,-0.543443,0.600118,-0.586965
0.443,-3.1915,7.20225,0.363286,0,-0.7,0,0.242766,-0.879119,-0.410139
-26.7922,-0.67575,40.1055,0.352752,0,1.9,1,-0.815014,-0.566811,0.120326
1.6335,4.00275,24.9715,-0.169687,-0.238531,-0.792795,0,0.699401,0.121754,-0.704283
9.13225,12.263,38.5395,-0.338818,0,4.2,0,0.38458,0.403199,0.830379
2.623,-2.096,8.062,0.305335,0,-0.4,0,0.586581,-0.605729,0.537602
10.7055,-14.962,29.6655,0.231815,0,-3.9,0,0.10929,-0.157884,-0.981391
-30.2355,19.4982,35.8245,0.236205,0,-3.9,0,-0.648467,0.513443,-0.56202
21.4862,1.29725,15.0685,0.0814425,0,3.8,0,0.552907,0.396455,-0.732883
34.496,3.75025,10.9685,0.0961486,0,-1.6,0,0.266771,0.753079,-0.60142
18.1963,-15.702,44.412,-1.26682,-0.363566,-3.9,0,-0.331652,-0.906512,-0.261233
1.952,6.76975,1.5355,-0.17803,0,-0.434527,0,0.735029,0.662095,-0.14616
14.652,-8.39775,25.73,0.167496,0,-0.4,0,-0.61265,0.118664,-0.781396
-7.41475,-1.66525,19.6395,-0.525037,-0.351956,-0.0846229,0,0.602628,-0.655315,0.455414
-2.836,-8.44475,43.9723,0.127162,0,-0.7,0,-0.60771,-0.790533,-0.0758071
-7.70625,6.1015,33.0795,0.34964,0,-1.3,0,-0.0610149,0.553987,0.830286
2.08225,11.4695,46.9907,-0.104057,-0.236216,-0.8,0,-0.250732,0.487367,0.836425
-2.4145,7.8235,48.724,0.307548,0,-3.9,0,-0.452906,-0.793617,0.406261
3.897,5.828,17.1005,0.544051,0,-4.5,0,-0.557669,-0.571748,-0.601756
16.811,10.083,54.7772,5.75534,0,-0.8,0,0.667954,-0.459742,-0.585214
14.6545,10.244,56.8455,3.71483,0,-0.8,0,0.0172772,-0.467321,0.883919
20.7412,-3.13,45.325,0.303252,0,0.148932,0,0.874718,-0.307337,0.374717
-17.0942,1.48325,11.0592,-0.740432,0,1.9,0,-0.142337,-0.983174,0.114493
-14.0755,4.0805,1.561,0.111247,0,-3.5,0,-0.247116,-0.871145,-0.424312
7.75225,18.0748,41.718,-1.47073,-0.429692,-3.5,0,0.924688,0.250519,-0.286691
1.19025,24.952,29.9947,-2.02546,-0.0250902,-3.5,0,0.529037,0.844196,-0.086331
24.3655,-7.83875,33.991,-1.15269,-0.791344,-3.5,0,0.811647,-0.579641,-0.072431
-16.744,1.7595,15.4625,-0.731244,0,-3.5,0,-0.768763,0.0837418,-0.634028
2.48,6.612,42.8025,0.0206415,-0.763801,-3.5,0,0.551145,-0.765628,-0.331743
16.533,17.851,19.978,-1.32011,-0.401733,-3.5,0,0.6289,-0.729344,0.269336
14.8663,-4.26575,17.64,0.720638,0.444626,-4.5,0,0.466859,0.563503,-0.681548
-28.8905,19.4618,30.0273,-1.58004,-0.834333,-3.5,0,0.136416,0.798482,0.586359
11.9958,-4.24925,56.8192,-0.300046,0,-3.5,0,0.78518,-0.327875,0.525349
-2.493,-13.539,47.117,-0.537633,0,-3.5,0,-0.338605,-0.426362,-0.838786
-12.018,19.407,11.181,0.315159,0,4.2,0,-0.707431,0.53804,0.458317
1.4545,22.0215,29.901,-1.08578,-0.407041,-3.5,0,0.985785,-0.118066,0.119534
23.0005,-8.967,23.4627,-0.0227401,-0.294731,-1.6,0,0.858414,-0.19183,-0.475738
-5.222,-7.72825,3.55975,-1.09688,0,-3.5,0,-0.28288,-0.856258,0.432206
11.8165,17.9665,28.127,-1.1022,-0.454458,-3.48221,0,-0.712161,0.680169,0.173773
-4.73875,-1.88325,6.2845,-0.40572,-0.172066,1.58913,0,-0.862159,-0.459864,-0.212618
17.227,18.7488,20.519,-1.43334,-0.39774,-3.5,0,0.820015,-0.309726,0.481295
3.931,19.188,43.7715,-0.21076,0,-3.5,0,0.175311,0.901488,0.39571
19.4233,1.514,49.9227,-0.885812,-0.184254,4.2,0,0.6675,0.137638,0.731779
-21.3892,3.59175,40.6068,0.54026,0,0.353953,1,0.38589,-0.902536,0.191094
-0.885,6.20675,11.134,0.0828672,0,-1.6,0,0.565308,0.718844,0.404587
-22.0952,1.15725,33.3232,0.100145,0,4.2,1,-0.749553,-0.384808,0.538603
10.8625,12.7472,10.5122,0.341576,0,-3.9,0,0.410549,0.875902,0.253465
17.979,17.8025,36.9555,0.286418,0.0370111,-3.9,0,0.0213107,0.985424,-0.168774
-6.13525,12.7542,29.0088,-0.37109,0,0.121485,0,-0.771771,-0.2253,0.594651
14.174,17.0295,20.8493,-0.366619,0,-3.5,0,0.0434022,0.695122,0.717581
-0.45675,3.37675,50.141,0.0109682,0,3.62187,0,-0.601655,0.540917,0.587725
5.49375,3.6575,43.0515,0.447343,0,1.51138,0,-0.998607,0.035447,-0.0390777
-11.1055,18.2545,25.5607,0.279556,0,4.5,0,-0.841768,0.0390437,0.538426
-24.284,21.161,35.1815,-0.285729,0,-3.5,0,-0.55661,0.651282,0.515768
-28.6365,15.414,28.363,-0.165547,-0.153215,-3.5,0,-0.588204,-0.793435,-0.156451
-12.52,18.872,10.3142,0.552419,0,4.2,0,-0.810607,0.570797,0.130791
-19.4335,11.7605,33.7095,0.551038,0.331979,-3.2,0,0.76649,0.640947,-0.0409881
5.33075,-0.3135,57.6838,-0.152635,-0.931395,-3.5,0,-0.841133,-0.25001,0.479574
0.43025,4.7395,18.8358,0.282986,0,3.8,0,0.689457,-0.693837,-0.207942
-2.58575,26.5837,22.3305,0.413181,0,-3.9,0,0.483249,0.808466,0.335937
-17.2253,17.8417,29.8143,1.04545,0.002839,-3.64827,0,0.650332,0.729977,0.210242
20.3445,2.8965,28.647,-0.130892,-0.0520181,2.8,0,-0.571311,0.661671,-0.485587
26.106,-2.48775,8.66975,0.460003,0.420496,1.8,1,0.0693774,0.342811,-0.936839
-24.401,7.6275,19.108,0.248706,0,-3.5,0,-0.603931,-0.45501,0.654395
-1.596,-1.60025,18.5387,-1.12206,-0.483224,-3.5,0,0.88504,-0.398532,0.240575
-31.3617,13.8212,35.481,0.343198,0,-3.9,0,-0.476241,-0.116173,0.871607
-23.9737,7.12925,17.0807,0.268887,0,-3.5,0,-0.347631,-0.749829,-0.562947
15.0265,6.605,49.6025,0.590464,0,3.3405,0,0.730421,0.643153,-0.229868
-24.661,4.81625,5.38725,0.260505,0,-3.9,0,-0.888294,-0.458623,0.0244695
1.98775,0.65075,36.4077,0.414262,0.480636,1.09995,0,-0.9766,-0.144107,-0.159639
31.8008,-6.198,23.286,1.15118,0,-3.9,0,-0.559095,-0.468156,0.684283
-21.956,12.824,15.5135,-0.476346,-0.485921,-3.5,0,-0.573058,0.818022,-0.0494397
-25.9215,9.1425,40.9688,-0.0933604,0.231418,-2.16363,0,-0.931387,-0.257606,-0.257212
1.17625,12.0573,-1.42125,-0.987841,-0.390876,-3.9,0,0.943344,0.294759,-0.152378
-31.59,21.0355,41.5545,-0.229973,0,-3.5,0,-0.858032,0.508507,-0.0721277
-0.313625,3.27938,30.1127,-1.72247,-0.311861,-3.5,0,-0.284235,0.285923,0.915128
0.1545,-12.99,47.3925,-1.0513,-0.887646,-3.5,0,0.729197,0.314297,-0.607857
14.3345,-14.553,33.6862,0.324282,0,-3.9,0,0.341941,-0.710514,0.615017
8.64675,-6.82175,30.3787,0.922074,0.547933,1.76885,0,-0.321654,0.362393,-0.874763
15.7983,13.976,22.522,-1.83624,-0.287395,-3.5,0,0.708245,0.0666964,0.702809
-0.988,1.13125,52.9922,-0.014523,0,2.57863,0,-0.374811,0.6419,0.668941
14.906,9.4745,56.2215,3.60981,0,-0.8,0,0.194728,-0.610233,0.767917
32.998,-4.8945,27.2925,-0.600698,-0.0923057,-3.5,0,-0.0696531,-0.965121,-0.25237
14.6237,-5.25225,16.7822,0.825498,0.615838,-4.5,1,0.56447,-0.00520797,-0.825437
-28.2465,12.3095,42.5395,0.53681,0.897331,2.5,0,-0.866452,-0.293079,-0.404186
-8.04425,13.843,-0.79125,-0.0224204,-0.388987,-2.41552,0,-0.700549,0.356196,-0.618349
19.7272,-10.683,20.0175,0.0908431,0,4.2,1,0.456781,-0.783448,-0.421379
-2.30075,23.4982,41.19,-1.16159,0,-3.5,0,-0.869653,0.271428,0.412348
-4.74625,19.0545,-0.8155,0.805459,0,-1.6,0,-0.139071,0.933227,-0.331281
23.1645,-8.374,18.4037,-1.11435,-0.851702,-0.8,0,0.352755,-0.893024,-0.279413
-2.4935,25.5818,24.3132,0.0522385,0,-3.9,0,0.396431,0.852503,0.340708
0.7735,-5.9905,35.4505,-0.0459935,0,-3.5,0,-0.41664,-0.626614,-0.658609
18.7225,3.88225,39.2863,0.0489129,0,0.314962,0,0.671406,-0.707303,0.221215
35.9518,-1.70788,20.997,0.748284,0.378482,-3.9,0,0.815388,-0.19638,0.544588
-6.8225,-0.5245,6.40425,-0.621508,-0.60098,-1.3,0,0.0895954,-0.721635,-0.686452
-17.2865,15.3573,33.2115,0.443906,0,-3.9,0,0.916721,-0.347406,0.197311
-19.102,10.8127,9.83825,0.0160805,0,-3.9,0,-0.563588,0.5243,-0.63834
20.5583,-0.90775,24.926,0.468969,0,4.2,0,-0.0273529,0.753666,-0.656688
-1.20788,4.387,37.0556,0.608472,0,-4.5,0,-0.246081,-0.957786,-0.148626
-8.18025,14.1045,0.3985,0.0715831,0,-2.01275,0,-0.878127,0.4216,0.226157
-11.5717,17.782,6.1685,-0.150443,0,-4.5,0,-0.346337,0.752244,-0.560517
10.9587,-4.2175,57.8555,-0.0700254,0,-3.5,0,0.455088,-0.249884,0.854665
-7.85325,18.1777,14.246,-0.0332301,-0.683379,-1.81632,0,0.726259,0.611813,-0.313419
-1.6805,13.7295,41.6068,0.157023,0,-3.5,0,-0.845517,-0.0728371,0.528957
-28.811,12.2498,45.9135,-0.0408786,0,1.8,0,-0.890702,0.260968,0.372218
0.3185,0.59875,11.893,0.241141,0,-1.6,0,0.551791,-0.726802,0.409006
10.6663,20.6768,17.7235,0.290748,0.289587,-3.5,0,0.388951,0.921192,-0.0110404
30.2752,-5.65475,8.90925,0.0167958,0,1.8,0,0.348264,-0.937335,0.0107258
7.3405,-8.78175,45.215,-0.0569938,0,-1.3,0,0.683918,-0.724857,0.0826979
-11.4745,7.0435,-0.14225,-0.899053,-0.823832,-3.5,0,0.590537,-0.436001,-0.679095
15.6147,15.408,38.438,-0.282061,0,-3.9,0,-0.862276,0.0947443,0.497497
24.8178,-12.114,27.1222,0.0257335,-0.716645,-0.8,0,0.856857,0.135221,0.497505
-1.51975,1.97325,23.142,-0.232089,-0.263758,-0.895595,0,0.733055,-0.345598,-0.585826
24.4765,-8.736,10.1263,-0.141992,-0.220481,1.9,1,0.548966,-0.536202,-0.641189
7.4185,5.31325,56.4468,0.309692,0,-3.5,0,-0.973285,0.211016,0.0904889
-24.7237,9.40025,35.729,-0.368892,0.878573,-3.2,0,-0.851499,-0.524356,-0.00035154
-5.48025,12.4745,30.0798,0.280131,0,-4.5,0,-0.574923,-0.585452,0.571585
4.68075,-10.7708,45.896,-0.651746,-0.143623,-1.3,0,-0.213236,-0.84361,0.4928
29.7255,-4.638,23.223,-0.621693,-0.0201155,3.93404,0,-0.146098,-0.968975,-0.199355
24.3403,-8.41375,13.444,0.213893,0,1.9,1,0.844491,-0.215786,0.490175
14.5345,9.8735,18.9205,0.211621,-0.456966,-0.8,0,0.884556,-0.295929,-0.360537
-1.06475,23.0915,1.4045,-0.0975321,-0.413897,-0.8,0,0.568622,0.311987,-0.761139
-1.661,-3.42325,56.3013,-0.317681,0,-0.9,0,-0.809968,-0.121262,0.573801
3.3735,20.19,16.182,-0.841162,-0.789826,-0.7,0,-0.466993,-0.00288054,0.884256
36.21,2.1485,20.081,0.0826038,0,-3.9,0,0.336704,0.509667,0.791751
-1.483,-3.62075,44.363,0.0775052,0,-0.7,0,-0.557098,0.429227,-0.710919
31.5545,-3.4005,13.7528,0.21649,0.125703,2.5,0,0.245563,-0.952033,0.182571
6.2425,-5.76625,31.8435,-0.31307,-0.958362,3.8,0,-0.409888,-0.248572,-0.877613
-14.634,0.1815,25.3495,-0.130964,-0.287613,-0.4,0,0.0922667,-0.58829,0.803369
12.7188,11.7655,56.905,-0.0760094,-0.780487,-0.8,0,-0.455176,0.493687,0.741005
-1.79525,25.4928,22.329,0.151796,0,-3.9,0,0.914352,0.401669,0.0512053
-12.7638,3.31425,28.7645,0.740951,0.0651228,-1.3,0,-0.527835,-0.811211,-0.251647
22.8118,-8.15325,20.1555,0.19345,-0.328542,-0.8,0,0.515622,-0.832361,0.203247
2.1925,-7.1535,52.2272,-0.104504,0,1.10046,0,-0.484932,-0.841624,0.237718
-32.0537,20.2615,41.0597,-0.955968,-0.434087,-3.5,0,-0.815247,0.568304,-0.111368
-4.8025,5.21625,40.8025,0.034787,0,-4.5,1,-0.91968,-0.387879,-0.0611434
34.844,2.588,18.8115,-0.00339441,0,-3.9,0,-0.463944,0.88469,0.0456151
11.561,-0.11,22.0175,0.145078,0,-1.3,1,0.675777,0.199464,-0.709605
29.8002,-2.86425,29.22,0.441038,0,3.42016,0,0.394106,-0.191011,0.898997
-2.858,-0.3815,2.00225,-0.202866,-0.436667,0.193242,0,-0.650898,-0.28115,-0.705185
-22.2855,5.035,43.2355,0.665956,0.0328507,1.9,1,0.625322,-0.258586,0.736278
5.19675,-3.19075,27.8095,-0.324418,-0.428311,3.8,0,-0.458036,-0.762483,-0.456972
15.705,12.8483,22.1138,-1.54665,-0.775094,-3.5,0,0.614628,-0.598287,0.514087
18.5518,2.54925,18.2425,0.203329,0,3.8,0,-0.673974,0.443115,0.591108
-27.037,12.7445,39.141,-0.229367,-0.0270225,-3.5,0,-0.91025,-0.226001,0.346941
2.74525,2.11175,55.0228,-0.488377,-0.670394,4.5,0,-0.749062,0.466433,0.470475
-15.6055,3.36525,35.7352,0.7424,0.256126,-4.5,0,-0.496188,0.460199,0.736216
0.55,19.1493,-1.0275,-0.254864,-0.0279365,-3.5,0,0.816621,0.525018,-0.239764
12.4788,16.2143,21.1003,-0.501746,0,-3.5,0,-0.214793,0.847785,0.484897
-27.2717,13.59,39.6867,0.135908,0,1.32549,0,-0.776469,-0.623743,-0.0896639
9.51475,16.533,42.986,-0.784812,-0.953727,-0.7,0,0.663924,0.538833,-0.518521
4.3185,16.0888,10.2773,-0.675724,-0.563812,-0.8,0,-0.178767,0.684184,-0.707061
26.5497,-5.66875,26.5485,0.148145,0,3.8,0,0.453002,-0.659366,-0.600021
-2.0705,-0.93225,19.4403,-0.921496,-0.405131,-3.5,0,0.613663,-0.0538745,0.787728
9.6525,13.999,13.842,-0.787139,0,-3.5,0,0.81066,-0.0860112,-0.579166
7.02925,7.05775,11.459,0.516308,0.0528273,-3.5,1,0.604633,-0.671319,-0.42866
-12.1095,-4.09875,15.6475,-0.936476,-0.0314086,-3.5,0,-0.885376,-0.0554481,-0.461558
9.00175,-10.8125,50.393,0.22287,0,-1.6,0,-0.0403715,-0.875717,0.481134
15.746,4.40575,28.5602,0.281989,0,3.8,0,0.645142,0.307566,-0.699424
23.993,-9.339,38.3805,0.164169,0,-3.5,0,0.327243,-0.767075,0.551823
-0.00725,-3.10025,4.3375,0.486641,0,-2.26062,0,0.583373,-0.456391,0.671851
9.5885,21.0755,16.99,-0.11165,0,-3.5,0,0.404172,0.884547,-0.232855
3.188,8.88475,48.7985,-0.39758,-0.0542209,-3.71941,0,0.453788,0.146695,0.878952
1.558,0.32175,38.3585,0.392053,-0.149635,-1.3,0,-0.925943,0.372385,0.0629159
-1.784,24.291,41.557,-1.45241,-0.123483,-3.5,0,-0.693932,0.590058,0.412662
13.7405,-5.078,53.807,-0.207948,0.0588279,-3.5,0,0.377487,0.485831,0.788335
24.9067,-6.785,34.0752,-1.06307,-0.13524,-3.5,0,0.991903,-0.0779041,0.100295
25.6938,-5.77425,25.8892,0.159423,0,3.8,0,0.482815,-0.662776,-0.572379
-0.61,20.4638,39.135,-0.113376,0,-3.5,0,0.500798,0.0999231,-0.859777
31.329,-3.01575,28.7523,0.0566805,0,-3.5,0,-0.195274,-0.419229,0.886631
20.1807,-10.1818,11.9972,-0.792364,0,1.9,1,-0.975809,0.21674,-0.0286565
17.696,1.7245,17.1502,0.223356,0,3.8,0,-0.778221,0.455738,0.432059
15.082,12.6453,57.0965,1.1223,0,-0.8,0,0.289172,0.605238,0.741665
-2.6895,25.98,4.3275,0.995954,0,-0.8,0,-0.344894,0.937818,0.0393228
-8.301,10.3085,25.85,-0.102784,-0.0711393,3.8,0,-0.15427,-0.831598,0.533521
1.2005,22.4513,23.771,-1.47407,-0.212121,-3.5,0,0.127465,0.950085,-0.284765
-9.30875,7.8675,24.39,0.326715,0,3.8,0,-0.0634998,0.465082,0.882987
-2.38225,8.77525,37.0698,0.54478,0,-4.5,0,-0.565966,0.755733,-0.329469
-25.903,16.799,41.5945,0.619355,0,-1.6,0,0.053483,0.636442,-0.769468
-24.018,10.1405,11.4578,-1.0302,0,-3.5,0,-0.565893,0.210239,-0.797223
6.956,-11.496,36.29,-1.16852,-0.0572992,-3.5,0,0.863597,-0.156705,0.479212
2.1965,0.6815,35.141,0.11157,0,3.8,0,-0.857417,-0.424365,-0.29112
8.42725,-4.82425,31.0268,0.412981,0.0469787,3.8,0,-0.494908,-0.260997,-0.828823
12.6512,-11.4683,52.3435,-0.0302095,0,-3.5,0,-0.0792871,-0.944799,0.317913
27.6047,-7.1875,27.9028,0.094593,0,3.8,0,0.276197,-0.796619,-0.537693
7.5855,1.80675,22.251,-0.504958,-0.832902,-1.3,0,-0.262958,0.913363,-0.31084
19.4303,-15.7312,44.7812,-1.33638,-0.032122,-3.9,0,0.180507,-0.959747,-0.215179
34.0345,-8.65925,20.8043,1.12073,0.774689,-3.9,0,0.558416,-0.631511,-0.537927
1.91125,1.44975,9.5295,-0.0266555,-0.18094,-0.4,0,0.328164,-0.621763,0.711139
28.4465,-1.83825,8.9175,-0.06511,0,1.8,1,-0.169585,0.576904,-0.799013
-2.8285,19.374,18.2482,-0.907648,-0.0845158,-1.3,0,0.747862,0.663566,-0.019534
20.1705,-9.49625,18.504,0.892173,0.336063,-0.8,1,0.249777,-0.860837,-0.443363
34.3387,1.775,18.002,0.129752,0,-3.9,0,-0.611401,0.527554,-0.58981
17.1798,-10.1602,49.6222,-1.37586,-0.270045,1.8,0,0.856118,0.0631546,0.512907
4.70525,6.47125,43.5155,-0.68397,0,-1.11452,0,-0.589127,-0.626541,-0.51027
-22.5205,11.7035,19.672,-0.606499,-0.281069,-3.5,0,-0.441126,0.816054,0.373448
16.4443,12.6975,54.9072,2.02205,0,-0.8,0,0.901472,0.428876,-0.0584221
10.6307,16.595,36.0095,-1.66492,-0.426365,-3.5,0,-0.502425,0.565977,0.653635
8.359,21.4795,19.8643,-0.0922598,0,-3.5,0,-0.0407946,0.38913,0.920279
-30.4865,17.382,27.6275,-1.53123,-0.785287,-3.5,0,-0.978378,-0.16809,-0.120506
25.0667,-10.5685,37.0993,0.594645,0.812891,-3.5,0,0.756414,-0.613588,0.226599
-18.0238,3.9025,40.8537,0.179121,0,-0.7,1,0.342707,-0.906088,0.248104
-5.7165,0.971,29.0685,0.207156,0,-0.4,0,-0.0518702,-0.962868,0.264942
-2.10075,14.9753,4.20475,0.124783,0,4.5,0,0.383792,0.791829,0.47509
-2.9485,-1.062,12.6615,0.260626,0,-3.9,0,0.857235,-0.291627,0.424384
36.8908,2.827,14.254,-1.89866,0,-3.5,0,-0.0837988,0.992517,-0.0888141
-1.4685,-8.75575,43.2817,0.195116,0,-0.7,0,-0.34185,-0.88444,-0.317654
0.852,4.737,38.14,0.753272,0,-4.5,0,0.0856921,-0.739685,0.667475
-0.9095,17.7645,44.025,-0.632157,-0.783967,-3.5,0,-0.423902,-0.325806,0.845079
8.62525,16.997,46.2163,-0.0885238,0,-0.7,0,0.142154,0.865178,0.480895
18.822,12.332,34.6403,-0.0957202,-0.739717,4.5,0,0.953557,0.229316,-0.195303
10.9275,-15.4395,34.002,1.44727,0,-3.9,0,0.434854,-0.698241,0.568649
15.8505,5.636,29.406,0.240027,0,3.8,0,0.7686,0.222245,-0.599884
-19.2475,15.6475,21.843,-0.00989514,0.426803,-0.7,0,-0.545111,0.076835,-0.834835
14.714,-13.3865,29.317,-0.796843,-0.239495,-3.9,0,-0.0705558,-0.700168,-0.710483
-24.5915,18.454,35.5885,0.00671761,0,-3.5,0,0.418806,-0.37924,0.825093
19.4662,3.53075,43.9533,0.0286167,0,4.2,0,0.990755,-0.0554953,-0.123796
12.4385,-6.232,16.777,1.05463,0.296949,-4.5,1,-0.357463,-0.391269,-0.848015
12.2378,-4.88175,26.082,0.235289,0,-1.3,0,0.0804072,-0.973132,-0.215751
-21.07,3.342,39.569,-0.286258,0,-0.7,1,0.247859,-0.905879,0.343436
-17.65,1.31325,27.7337,0.16634,0,-0.4,0,0.0568361,-0.643803,0.763077
-24.685,11.149,46.2645,0.0731854,0.0057661,1.8,1,0.370443,0.120877,0.920957
7.11625,16.3768,47.854,0.15251,0,-1.6,0,0.563332,0.566975,0.600997
14.948,12.1067,52.9157,-9.50146,0,-0.8,0,0.443758,0.204247,-0.872561
21.7525,-11.7785,24.1845,-0.0803648,0,-0.8,0,-0.13269,-0.761885,-0.633975
-2.995,9.018,39.9525,0.846454,0.117761,-4.5,0,-0.0376131,0.995573,0.086142
38.252,2.8735,15.471,-1.91377,0,-3.5,0,0.467369,0.844858,0.260349
7.9295,11.7778,14.042,-0.919179,-0.00164893,-3.5,0,0.736106,-0.676839,-0.00605333
-4.71575,19.6313,37.9212,-1.56122,-0.246473,-3.5,0,-0.601483,0.775697,0.191079
-12.0232,20.2488,10.3477,0.203626,0,4.2,0,-0.737751,0.671202,0.0721942
-7.658,5.8105,26.82,0.840225,0,3.8,0,0.348686,0.824091,0.446421
23.7127,-10.9983,13.7075,0.178905,0,1.9,0,0.867438,-0.202251,0.454584
33.311,1.89225,14.2358,0.862658,0,-1.6,0,0.0782477,0.279346,0.956997
-1.393,18.251,-3.205,1.11428,0.383894,-3.5,0,-0.0648857,0.495479,-0.866193
-0.09825,-4.1855,35.2885,-1.20937,-0.497946,-3.5,0,-0.924102,0.262562,-0.277662
29.23,-4.58775,19.2087,-0.233944,0.0713293,-3.5,0,-0.0449737,-0.942892,0.330048
13.986,-12.1585,40.1413,-0.626788,0,1.9,0,-0.0637214,-0.639027,-0.76654
-20.8915,4.393,4.09375,1.2704,0.605822,-3.9,0,-0.0779062,-0.226024,-0.971001
4.873,-5.088,55.87,0.201651,0,-1.6,0,0.294886,0.116219,0.948438
-0.82225,-13.5813,49.9022,-1.02273,0,-3.5,0,0.54406,-0.248338,0.801453
15.021,10.296,26.1295,0.526947,0.202317,-4.5,0,0.770526,0.263194,-0.580533
-24.0572,1.8155,24.2938,0.313077,0,-0.8,0,-0.887338,-0.28751,-0.360512
-8.7785,0.6945,3.338,-0.0330269,0,-1.6,0,-0.0288947,-0.807165,-0.589618
0.29775,-6.72025,55.6007,0.238311,0.400483,-1.27233,0,-0.241044,-0.702959,0.669139
7.65625,4.1075,18.4013,0.858985,0,-4.5,0,0.342517,-0.889187,0.303361
-16.8825,0.987,2.90725,-1.68713,-0.165376,-3.5,0,0.418556,-0.620598,-0.663075
-6.765,21.1675,27.5053,-0.0320414,0,4.5,0,-0.593308,0.577381,0.560907
10.5035,11.3595,38.818,-0.344164,0,-1.3,0,0.0862616,0.756463,0.648323
-5.70275,17.0142,2.91425,0.132762,0,-2.04974,0,-0.656777,0.751769,-0.0590563
5.1855,17.9265,30.341,-0.0683478,0,-3.9,0,0.343223,0.841231,-0.417766
-5.98625,-5.542,51.9675,-0.638348,0,-0.4,1,-0.912345,0.395638,-0.105345
6.724,-6.7065,31.7245,0.299626,0.00567602,3.8,0,-0.536157,0.0334155,-0.843456
20.016,-14.2683,48.9437,0.916456,0,-3.9,0,0.030678,0.222845,0.974371
-5.17825,-5.66425,53.795,-1.31312,-0.425847,-0.4,1,-0.364656,0.234978,0.901005
8.0465,7.677,59.163,0.345306,0,-3.5,0,-0.616125,0.558923,0.554974
-25.772,4.784,44.413,-1.35956,-0.325557,1.9,1,-0.752741,-0.349597,0.55782
18.556,11.4773,30.946,0.0638296,0,4.5,0,0.81485,0.198688,-0.544557
18.2118,4.2965,31.6448,0.327849,0,2.8,0,0.0474452,0.611362,-0.789927
-8.0015,0.5405,5.47175,-0.10781,0,-1.47765,0,-0.00641645,-0.862966,-0.505222
-15.4885,-6.47775,20.2348,0.75874,0,-3.9,0,0.0332909,-0.830164,0.556525
17.264,-9.574,48.0052,-0.150854,0,1.8,0,0.926053,0.19433,0.323514
24.16,-7.17575,14.3158,-0.666126,-0.0229787,1.77876,0,0.676419,-0.548621,0.491398
-19.6998,-0.04375,25.0455,-0.291231,-0.00664162,-0.934182,0,0.406776,-0.902341,0.14253
21.0763,-12.3767,46.9497,0.31778,0.03489,-3.53488,0,0.771132,0.487702,0.409271
5.88675,21.9783,17.1435,-1.19762,-0.392542,-3.5,0,-0.310283,0.940534,0.138276
1.14225,-9.30625,43.809,0.153873,-0.0383223,-0.7,0,-0.18706,-0.979789,0.0708626
-7.497,20.2355,27.6905,0.030371,0,4.5,0,-0.512773,0.439207,0.737673
18.3472,8.955,30.3778,0.164994,0,4.5,0,0.515513,-0.0271471,-0.856452
2.1235,2.064,52.944,-0.167935,0,4.22834,0,-0.728316,0.578821,0.366773
10.848,12.1435,11.3167,0.575413,0,-3.9,0,0.549072,0.442206,0.709206
3.7365,6.287,44.0285,-1.21097,-0.0526568,3.4643,0,-0.117519,-0.627402,-0.769777
-28.087,22.1155,38.855,0.69302,0,-3.9,0,0.234652,0.936204,0.261651
-22.3768,22.3755,29.087,0.243849,0,-3.9,0,0.391455,0.83757,0.381104
17.368,-8.94075,18.512,0.272476,0,4.2,1,-0.508333,-0.0166902,-0.860999
19.5343,4.02525,41.4378,-0.341729,-0.581952,1.8,0,0.807972,-0.578844,-0.110093
24.3825,-5.37975,16.2318,-0.488137,-0.174341,-0.857443,0,0.470608,-0.811522,0.346354
7.9825,-15.5813,31.0208,0.7505,0,-3.9,0,-0.512672,-0.469026,-0.719154
-0.4405,14.0185,43.429,-0.908647,0,-3.5,0,-0.840908,0.0379925,0.539843
-10.148,10.262,28.588,0.16206,0,-0.7,0,0.706489,-0.148678,0.691931
-18.932,10.0863,44.4575,-0.744901,0,1.9,0,0.945284,-0.326244,0.00154765
15.691,-10.7212,20.9045,0.175868,0,4.2,0,-0.903228,-0.408448,-0.131715
-0.48,8.107,9.84,-0.131225,-0.42349,-1.6,0,0.244759,-0.324872,0.913538
15.435,-8.6115,52.1745,0.51034,0.591991,-3.5,0,0.974515,-0.183687,-0.128763
-1.99725,4.1965,39.1188,1.87149,0.674797,-4.5,0,0.482789,-0.87543,0.0231883
-0.73825,19.52,38.6888,0.0396657,0,-3.5,0,0.699615,0.4332,-0.568223
-10.2677,10.702,-0.63725,-1.07479,0,-3.5,0,-0.88993,0.196486,-0.411604
-5.8065,26.4097,19.9958,2.29994,0.0467749,-3.9,0,-0.916983,0.0854192,-0.389674
1.311,24.3875,29.0028,-1.53347,-0.552153,-3.5,0,0.435446,0.607597,-0.664239
22.3855,-5.43,43.409,0.231694,0,-3.9,0,0.686148,0.155734,0.710597
1.62225,12.4987,46.5725,-0.505089,-0.924799,-0.8,0,-0.710696,0.326871,0.622949
-25.0212,-0.58,41.5578,-0.81312,0,1.9,1,0.00467948,-0.892331,0.451357
27.378,4.6605,27.2945,-0.284454,-0.756663,-3.9,0,-0.119412,0.978779,0.166532
-13.7455,8.21075,38.7085,0.236731,0,3.8,0,0.744687,-0.54248,-0.388789
-13.582,9.57925,40.4637,0.149445,0,3.8,0,0.939151,0.254751,0.230428
-5.6875,-0.27325,3.4255,-0.0212879,0,3.8,0,-0.548898,-0.712882,-0.436475
-14.5798,4.046,2.49175,-0.0662814,0,-3.5,0,0.0167995,-0.921104,-0.388953
34.0115,-6.4815,23.468,1.24232,0.433209,-3.9,0,0.569595,-0.257066,0.780691
-30.733,14.5398,39.4598,0.097383,0,-0.4,0,-0.198446,-0.979746,-0.0267686
19.5208,-11.0708,21.3687,-0.0195751,0,4.2,1,0.51054,-0.855779,0.083611
-23.0632,12.143,18.8573,-0.147376,0,-3.5,0,-0.371939,0.831365,0.412908
19.0373,1.3015,18.6472,0.272532,0,3.8,0,-0.471152,0.127862,0.872735
9.9895,-15.727,30.0365,0.386196,0,-3.9,0,-0.176035,-0.541943,-0.821772
17.0325,-11.2638,22.3302,0.140039,0,4.2,0,-0.395694,-0.734043,0.551913
19.542,4.41375,44.673,0.155932,0,4.2,0,0.926063,0.344775,-0.153417
-22.4797,0.511,32.4422,0.0245403,0,4.2,1,-0.863256,-0.464395,0.197803
-2.7315,19.555,43.164,-0.695644,-0.313765,-3.5,0,-0.700079,0.319425,0.638637
22.425,-10.413,22.4495,-1.42878,-0.605314,-1.6,0,0.782938,-0.544792,-0.300349
-1.95875,0.836,17.2647,0.108117,0,-2.7037,0,0.986693,0.160814,0.0240011
-20.2577,13.1868,37.6763,-0.597545,-0.238996,-3.5,0,0.654822,0.693942,-0.299421
-12.1798,1.296,23.99,-0.151446,0,-2.07245,0,0.752935,-0.261355,0.603972
3.2895,16.2997,10.5247,-0.496819,-0.261358,1.66455,0,0.178184,0.55768,-0.810705
8.65625,-1.95075,21.2693,0.0398236,0,-1.3,0,0.051549,-0.167155,-0.984582
17.885,-0.0035,17.4552,0.300341,0,3.8,0,-0.885412,-0.258226,0.386477
16.2425,13.6255,20.361,-1.12267,-0.00670087,-3.5,0,0.957119,-0.159078,-0.242111
-25.2665,10.7235,26.6265,0.0693996,0,3.8,0,-0.76742,-0.605193,0.211678
-18.4508,11.5007,39.8655,0.0919567,0,3.8,0,0.209292,0.467039,0.859111
-3.18675,-8.97875,52.3915,-0.503673,0,-0.4,0,0.127337,-0.630012,0.766074
-16.5193,18.0793,27.9862,0.854268,0.371551,2.8,0,0.333935,0.941233,0.0506679
-5.661,5.47875,32.8895,0.791306,0.634567,-1.3,0,0.515675,0.64632,0.562449
23.2388,-8.9065,33.7562,-0.11286,0,-3.5,0,0.197519,-0.837745,-0.509087
10.8,0.497,21.7175,0.151094,0,-1.3,0,0.352989,0.269135,-0.896083
-19.3883,-2.56425,19.3123,0.159945,0,-3.9,0,-0.843581,-0.443346,-0.30301
-4.68225,-5.198,45.691,0.356504,0,-0.598816,0,-0.873367,-0.33573,-0.352868
24.5777,-9.73725,25.4093,0.144056,0,-0.8,0,0.977488,0.109293,-0.180477
-12.3785,-5.379,17.667,0.928167,0.110811,-3.62845,0,-0.295249,-0.896716,-0.32974
0.8075,10.0702,-0.6925,-0.227242,-0.343793,1.75802,0,0.749515,-0.317202,-0.581043
-25.8183,10.523,47.3032,0.145317,0.103659,1.8,1,0.377847,-0.0172985,0.925706
0.94325,-9.31,46.9512,-0.309958,0.130803,0.218465,0,0.618504,-0.785633,0.0152732
14.3675,14.4867,23.9545,-0.443249,0,-0.7,0,0.610071,0.787474,0.087739
15.7072,14.4178,38.655,-1.80325,-0.789438,-3.53027,0,-0.750935,0.440308,0.492164
-0.77075,20.143,5.61675,0.329715,0,4.2,0,0.987239,-0.0943492,0.128288
2.354,5.772,39.7,-0.66089,-0,-4.5,0,-0.0445658,-0.857524,0.51251
7.088,22.686,24.771,2.62471,0,-3.9,0,-0.227207,0.909847,-0.347211
-23.4305,7.987,38.4055,-0.369946,-0.345462,-0.890851,0,-0.835136,-0.331696,-0.438776
-0.3565,18.4045,3.4925,0.488748,0.798279,-3.5,0,0.87704,-0.216856,0.42869
12.8497,-1.269,23.5545,0.402864,0,-1.3,1,0.832501,0.329445,-0.445429
12.558,10.7203,10.301,1.70536,0.344631,-3.9,0,0.908151,0.378314,0.179278
24.7967,-7.8865,9.5365,-1.2789,-0.496285,1.9,1,0.454526,-0.671911,-0.584757
32.6335,2.05225,25.2945,0.610837,0.0353361,-3.55632,0,0.918818,0.0955408,0.382942
2.5155,4.5285,25.785,0.226239,0.0602355,-1.4692,0,0.291946,-0.0495739,-0.955149
0.82175,4.4595,29.7372,0.205709,0.0136965,0.228972,0,-0.239258,-0.168654,0.956196
-18.288,2.9475,30.6015,-0.0103828,0,4.2,1,0.270381,-0.782281,-0.561187
0.046875,2.202,51.9271,0.0372,0,2.8,0,0.063765,0.782766,0.61904
32.1891,4.76263,22.2187,-0.932099,0,-3.5,0,0.913856,0.335115,-0.229269
20.61,-8.8185,34.1375,-0.182096,-0.595274,-3.5,0,0.278829,-0.958199,0.0640996
4.73225,18.3455,26.3805,-0.157916,0,-3.9,0,-0.602338,0.736756,-0.307213
-14.834,18.3545,22.861,2.02473,0,-3.9,0,-0.801273,0.452494,0.391421
13.4587,-11.598,37.6535,-0.658305,0,-3.5,0,0.793625,-0.177958,0.581799
7.9945,21.5259,26.6876,1.67398,0,-3.9,0,-0.00312046,0.689673,0.724114
11.4746,-16.1466,31.428,0.433457,0,-3.9,0,0.308646,-0.866138,-0.39312
5.99925,-13.9832,31.4715,2.03159,0,-3.9,0,-0.409904,-0.908774,-0.0781596
-23.8531,20.6609,23.2371,2.66657,0.0707058,-3.9,0,-0.349711,-0.603939,-0.716212
-25.9566,4.24713,41.6234,0.263009,0,1.9,1,-0.964157,0.254732,-0.0742471
-1.5985,11.3736,38.2938,-1.06984,-0.00358408,-3.5,0,-0.770537,-0.527417,0.357916
14.8995,-2.2585,22.8234,0.748441,0,-4.5,1,-0.124305,0.983632,0.13045
-2.691,9.022,44.857,0.482995,0,-3.9,0,-0.518542,-0.230687,-0.823345
14.5784,-7.48912,26.7284,-0.159281,-0.704823,2.80885,0,-0.803303,0.0344812,-0.594571
0.57725,19.1754,-0.005125,0.156172,0,-3.5,0,0.766099,0.64241,0.0200286
7.11287,17.9536,34.0344,1.33606,0,-3.9,0,0.854481,-0.418264,0.308086
6.21,7.036,49.823,0.39653,0.25623,-3.5,0,-0.575245,0.280717,0.768304
-27.3261,18.9721,27.4112,-0.376833,0,-3.5,0,0.159005,0.620747,-0.767717
-22.7687,4.5305,37.2337,-0.0559564,-0.00567051,-0.8,0,-0.964945,-0.251652,-0.0745139
-2.29,5.8995,29.8587,1.06194,0.0134245,-3.9,0,-0.735195,-0.607291,0.30114
15.27,-0.6745,25.6338,0.157692,0,-0.7,0,-0.0511168,0.163375,-0.985239
2.398,16.8193,37.0513,0.074129,0,3.8,0,-0.249362,0.961136,0.118473
3.594,20.048,32.2775,0.0263332,0,-3.9,0,0.124663,0.879186,-0.459882
3.05837,9.84062,11.5036,0.355685,-0.150366,-1.73233,0,-0.593558,-0.367832,0.715813
11.716,-9.4335,45.317,0.33463,0,-1.3,0,-0.357636,-0.931537,0.0658486
-26.4128,12.3643,46.4369,0.144281,0,1.8,1,-9.44229e-05,0.585261,0.810845
11.6009,17.8221,31.0121,-0.0184518,0,-3.5,0,-0.370026,0.917856,0.143604
19.4696,9.33775,31.9552,0.198096,0,4.5,0,0.846663,0.267772,-0.459848
-12.9309,4.26512,33.5868,0.982357,0,-4.5,0,0.812966,0.30041,0.498839
-9.348,19.921,26.1338,0.167582,0,4.5,0,-0.524012,0.677483,0.516166
21.918,-11.018,14.796,0.190642,0,1.9,0,0.0759063,0.12168,0.989663
1.166,7.9535,10.0422,0.167674,0,3.8,0,-0.261907,-0.199951,0.944153
-21.1889,10.9841,46.3494,-0.187891,0,1.9,1,0.156828,-0.266425,0.951011
-8.08587,19.9888,10.7371,0.333129,0,4.2,0,0.515947,0.833654,0.197025
2.82812,10.307,16.2167,0.335588,-0.054131,-3.56231,0,-0.610089,-0.365145,-0.703179
22.7682,-0.866,35.7738,-0.442096,0,-3.5,0,0.790245,-0.577208,0.205776
-8.47675,-4.28975,18.4342,0.278588,0,-3.5,0,0.694692,-0.563525,0.447037
-20.5451,19.0096,27.9408,0.697055,0,-3.9,0,0.612599,0.713852,-0.339321
25.478,3.79225,28.7833,0.969833,0,2.11419,0,0.183258,0.785389,0.591254
32.8455,-9.20675,21.5565,2.22897,0.0569532,-3.9,0,-0.0629306,-0.997589,-0.0292627
35.4081,1.638,10.7531,0.952207,0,-1.6,0,0.64585,0.222996,-0.730172
-24.2118,6.149,25.9097,0.0248818,0,-0.8,0,-0.529311,0.564732,-0.633172
34.3065,-1.10075,27.994,-1.24344,-0.227303,-3.5,0,0.39124,0.847542,0.358614
12.2815,-14.0575,48.0625,-1.24342,-0.110305,-3.5,0,-0.991488,0.0797403,0.102921
4.9025,4.833,40.304,0.310811,0,4.5,0,-0.943405,-0.110857,0.312567
5.8165,0.202875,23.9985,0.728249,0.987471,-1.3,0,-0.904283,0.411143,-0.115034
-0.22225,-2.8525,6.3605,0.369823,0,-0.7,0,0.374062,-0.902606,-0.213026
-15.1285,0.798,33.2895,0.0844306,0,-4.5,1,-0.561197,-0.783258,-0.267517
-25.3345,2.68475,26.381,0.288861,0.0392264,-0.8,0,-0.491692,-0.870453,-0.0234653
2.0825,-1.14363,28.6455,0.425554,0,0.262644,0,-0.604601,-0.784926,0.135456
-24.7005,12.8988,46.419,-1.2991,-0.0156499,1.8,1,0.128826,0.354332,0.926203
-21.3971,17.9951,22.7245,0.192047,0,-0.7,0,-0.425457,0.436548,-0.792725
-22.598,1.55425,32.354,-0.04047,0,4.2,1,-0.93514,-0.353158,0.028158
-24.7122,16.4722,27.2215,0.581263,0,3.8,0,-0.257567,0.348142,-0.901363
-0.64225,6.34675,32.1138,2.30235,0,-3.9,0,0.0147647,-0.930194,0.366771
2.8815,19.6141,27.3512,-0.251351,0,-3.5,0,0.877685,0.290516,0.381143
-10.4668,3.82087,32.3039,-0.00452974,0,-1.3,1,-0.233653,0.0210055,0.972093
8.91288,-15.1185,30.4851,1.12194,0,-3.9,0,-0.408862,-0.252093,-0.877087
9.999,17.569,25.889,-0.242567,0,-3.9,0,0.931763,-0.0329137,-0.361571
3.09687,15.485,48.9676,0.0729232,0,-1.6,0,-0.617977,0.0956433,0.780356
24.7805,-11.0829,26.5688,-0.0368686,0,-0.8,0,0.89252,0.278693,0.354596
-5.2205,26.501,22.0152,1.67883,0,-3.9,0,-0.496072,0.619643,0.608239
12.2844,-11.4159,42.6826,-0.0394081,0,1.9,0,-0.957723,-0.260367,-0.122376
34.4492,-7.07775,21.028,1.72902,0,-3.9,0,0.921139,-0.241981,-0.304873
-22.402,15.7887,42.1673,0.431714,0,2.5,0,0.359481,0.542325,0.759379
-13.4432,8.176,-0.77675,0.296863,0,-3.5,0,-0.061546,0.33,-0.941972
-0.5905,21.8109,39.1302,-1.48769,-0.0714681,-3.5,0,0.425236,-0.0372786,-0.904314
19.5669,-13.9804,27.8484,0.182859,0,-0.8,0,0.472564,-0.878446,-0.0708295
10.7225,-4.32125,21.9211,0.322494,0.0086723,-3.66191,0,-0.772297,-0.272842,-0.573685
16.1793,-10.497,22.1262,0.187169,0,4.2,0,-0.807233,-0.220955,0.547315
2.16875,21.4575,25.5135,-1.14356,0,-3.5,0,0.847992,0.529538,0.0223369
3.7095,-13.1775,36.4375,-1.49632,-0.58385,-3.5,0,-0.678123,-0.603368,0.419639
5.73275,3.86575,25.4657,1.67804,0,-3.9,0,0.348199,-0.864958,-0.361395
-22.6081,2.68375,21.5171,-1.2592,-0.00981935,4.2,0,-0.69841,0.516359,-0.495577
19.5935,15.109,40.0215,2.51752,0,-3.9,0,0.52887,-0.633861,0.564374
-25.5989,19.7787,45.5141,0.179707,0,-1.6,0,0.311727,0.859863,0.404303
30.6389,-4.69887,10.412,0.252607,0,1.8,0,0.633444,-0.747057,0.201631
4.32,7.911,5.448,0.0338935,0,3.8,0,0.926433,0.165065,-0.338341
-23.834,3.3355,39.0812,0.187082,0,1.9,0,-0.517573,0.184691,-0.835469
-1.91638,11.7125,45.9422,0.914379,0,-3.9,0,0.39045,0.75071,-0.532901
13.6749,5.2335,52.7629,0.343782,0,-1.42325,0,0.537122,-0.35566,0.764856
19.4756,9.16663,34.471,0.242901,0,4.5,0,0.880268,0.111479,0.461194
1.962,15.588,8.381,0.0446482,0,-3.5,0,0.656323,0.462464,-0.596127
-2.73581,6.67837,-0.992875,0.367047,0,1.8,0,0.219635,0.17272,-0.960171
5.16587,5.2255,4.24988,0.142276,0,2.8,1,0.980358,0.128255,-0.14983
-1.82413,2.30512,16.9816,0.173402,0,-1.3,0,0.878481,-0.407238,0.249856
-5.21875,19.386,3.34525,-0.079983,-0.0222953,4.2,0,-0.955054,-0.0707825,-0.287858
8.89075,18.666,9.966,0.105792,0,-1.6,0,0.664678,-0.165953,-0.728466
24.843,-2.218,34.012,0.332178,0.816242,-0.7,0,0.294859,-0.209623,0.932264
3.591,4.5735,25.781,0.579252,0.217489,-3.9,0,-0.357015,-0.14517,-0.922749
-8.10575,6.61575,32.3046,0.303995,0,-1.3,0,-0.097427,0.919576,0.380642
4.772,4.0425,25.0495,1.50149,0.0730444,-3.9,0,-0.302949,-0.591232,-0.74744
12.458,4.3085,59.1775,1.74281,0,-1.6,0,0.276363,0.409835,0.869287
7.9875,15.6147,11.3462,-0.89692,-0.851078,-0.8,0,0.724373,-0.0258705,-0.688922
14.6632,14.1528,29.0392,-0.518162,-0.328927,-3.5,0,0.199423,-0.311558,-0.929065
13.1018,-6.84275,19.1157,0.160805,0,-4.5,1,0.0262499,-0.999311,0.0262498
31.1631,0.129875,20.4932,0.0412468,-0.119899,4.2,0,-0.271971,0.784104,-0.557864
12.1349,-1.01725,29.2525,0.0210617,0,2.83389,0,0.217591,0.971408,-0.0949754
14.5325,-12.3821,35.6549,0.51952,0.00828548,-3.50972,0,0.820616,-0.426036,0.380897
6.04069,5.54763,53.6091,-0.00123285,0,4.5,0,-0.458292,0.871438,0.174827
9.001,15.386,13.2705,-0.844523,0,-3.5,0,0.743354,-0.0686645,-0.665364
-24.9724,12.0957,28.3445,0.0937093,0,3.8,0,-0.840829,-0.491603,0.226568
28.3668,1.049,19.337,-1.71179,0,-3.5,0,0.492833,0.869876,0.020774
-23.7197,0.94875,24.6833,0.168994,0,-0.8,0,-0.883106,-0.389542,-0.261495
5.95013,17.5858,23.8813,-0.0610648,0,-0.247216,0,-0.491403,0.843585,-0.216536
35.0791,-2.04344,22.8686,0.131332,0,-3.9,0,0.911986,0.0722221,0.403813
2.18675,20.806,28.7658,-0.258545,0,-3.5,0,0.903006,0.338576,0.264473
-19.2165,13.6715,40.1133,-1.22051,-0.0594371,2.5,0,0.879525,0.473292,0.0493059
32.6455,0.322,10.5615,-0.472746,0,0.216128,1,-0.297312,0.0636932,-0.952654
-5.85425,18.7049,-0.85125,0.856225,0,-1.6,0,-0.23196,0.960428,-0.154186
-2.659,1.17,21.8927,-0.010527,0,1.8,0,0.779156,-0.370365,-0.505712
17.9762,0.403,25.6735,0.4326,0.188306,-0.7,0,0.0105672,0.282664,-0.959161
19.3339,-3.1855,16.8984,0.160536,0,3.2172,0,-0.9554,-0.187693,0.227996
23.4371,-6.812,23.1225,0.478535,0,-1.6,0,0.883685,-0.358825,-0.300575
-1.46625,12.284,-3.52025,0.274433,0,-3.9,0,0.467233,0.0422818,-0.883123
5.54,6.5325,12.0285,0.782817,0,-3.5,0,-0.389832,-0.839624,-0.378236
-23.5602,4.64975,9.04725,-0.382872,-0.0873064,-3.9,0,-0.919781,-0.388354,0.056423
23.8004,-8.36038,27.0933,0.561652,0,-1.6,0,0.829997,-0.273764,0.485961
-23.7782,9.8945,32.1245,-0.146823,0,4.2,0,-0.558047,-0.816336,-0.14893
16.5536,-13.2205,27.1805,-0.500424,0,-0.8,0,-0.877063,-0.434409,-0.20506
-12.7898,-1.1215,16.9484,-0.88889,0,-3.5,0,0.153567,-0.346096,-0.925546
37.4674,-0.665875,18.2274,-0.135786,0,-3.9,0,0.934625,-0.0790784,0.346732
18.668,5.4355,44.6302,0.117572,0,4.2,0,0.714886,0.662965,-0.222295
-0.832375,18.9674,29.883,-0.419532,0,1.8,0,-0.60117,0.0728297,0.795795
-8.14825,13.876,2.99962,0.43744,0.923441,3.8,0,-0.568718,0.652367,-0.500976
21.2507,9.5285,38.0125,0.880542,0,-3.5,0,0.273696,0.916834,-0.290701
-4.02875,-7.00975,4.55775,-0.463598,0,-3.5,0,0.00846374,-0.658096,0.752887
-4.69825,-5.287,47.0552,0.767405,0,-0.4,0,-0.752093,-0.653989,-0.081579
8.09225,7.4895,26.1103,0.344275,0,-0.9,0,0.628242,-0.598617,-0.496961
-14.6954,12.5546,39.0166,0.0941945,0,3.8,0,0.447191,0.894326,-0.0141832
4.9455,-0.78675,24.9019,0.948913,0,-0.622386,0,-0.492297,0.242582,-0.835941
-13.8779,10.795,38.2581,0.178336,0,3.8,0,0.983541,0.077245,-0.163339
35.4749,-2.6275,21.3627,0.594015,0.74969,-3.9,0,0.911992,-0.22651,0.341998
9.7445,16.6973,46.0692,-0.156879,0,-0.7,0,0.26655,0.786824,0.55665
-16.271,3.202,2.461,-0.387231,-0,-3.5,0,0.102965,0.0669436,-0.99243
3.7435,-10.4823,36.7856,-0.139118,0,-3.5,0,-0.958801,-0.283493,0.0182247
13.523,19.9054,15.3438,0.0223108,0,-3.5,0,-0.0720349,0.671702,-0.737311
22.7243,-10.6006,14.271,0.381809,0,1.9,0,0.450643,0.0452481,0.891557
-16.021,1.7985,4.6335,-1.21608,-0.389652,-3.5,0,0.863511,-0.50426,-0.00848024
9.675,12.5025,43.509,0.17499,0,1.42124,0,0.72849,0.0898532,-0.679138
6.4575,2.058,27.1105,-0.749965,0,-0.4,0,0.636681,0.46263,-0.616937
15.3885,-6.84325,25.1227,-1.09437,-0.0298608,3.8,0,-0.611308,-0.416093,-0.673178
6.95162,-2.53362,24.4324,0.217774,0,-0.4,0,-0.401916,-0.904309,-0.143836
1.93275,9.9895,2.33075,0.0456667,0,4.5,0,0.933752,-0.0985261,-0.344094
21.3242,-2.11475,44.3027,0.444591,0,4.2,0,0.964217,0.0843974,0.251322
13.5511,11.3442,41.3558,-1.15288,-0.469357,-1.3,0,-0.046979,0.910673,0.410447
5.0155,-11.952,30.3953,2.57591,0,-3.9,0,-0.842744,0.00477892,-0.538294
-3.40062,8.4165,27.8611,0.0580591,0,1.9,0,-0.746421,-0.612548,0.260079
11.2599,-13.6801,30.15,0.367861,0,-3.9,0,-0.139899,0.129349,-0.981681
13.5212,1.1205,52.2265,0.293347,0.124281,-0.967351,0,0.530412,-0.13887,0.836288
8.83362,15.4509,34.7646,-0.688576,0,4.2,0,-0.0841774,0.990657,0.107294
-1.78287,17.6736,22.4405,-0.642105,0,-0.218223,0,-0.441056,0.756467,-0.482935
-18.6365,7.698,41.329,-0.531075,-0.266256,-0.7,1,0.336867,0.570836,0.748777
37.7745,-1.89737,14.1586,0.296158,0,-3.5,0,0.575626,-0.674196,-0.462725
17.3335,-3.1165,20.9536,0.657726,0,-4.30447,0,-0.190542,0.399201,-0.896846
17.2763,5.7175,31.932,0.408546,0,4.27922,0,0.370626,-0.119233,-0.921097
-9.94625,0.954,30.194,0.312883,0,-1.3,0,-0.248636,-0.955415,-0.159254
4.36338,22.8726,13.9923,-0.130388,0,-0.7,0,0.522845,0.845312,0.109915
-2.24763,23.4778,20.7437,-0.36706,0,-3.9,0,0.76907,-0.115543,-0.628634
-26.543,11.9487,39.6082,-0.722877,-0.231404,-2.17892,0,-0.871319,-0.347747,0.346231
14.425,7.465,50.15,0.569412,0,4.2,0,0.524317,0.35746,-0.772861
-19.4697,12.855,44.5955,-0.0279937,0,1.9,0,0.795269,0.54926,-0.256635
14.7324,-15.346,45.5596,-0.23216,0,-3.5,0,0.114605,-0.761162,-0.638356
7.03463,1.05938,26.0616,0.46435,-0.0610268,-0.4,0,0.389852,0.899118,-0.199
17.1666,16.5009,31.737,0.591389,0,-3.86223,0,0.86829,0.402925,0.289353
1.4025,11.6283,13.4275,-0.0551472,0,-2.84062,0,0.112463,-0.964736,0.237984
-24.7372,4.70563,29.3908,-0.0480344,0,-0.8,0,-0.619211,-0.0305961,0.784628
-19.743,12.8824,16.6001,0.386501,0.0698095,-3.73926,0,-0.358452,0.891482,0.277078
23.5365,0.4155,19.2625,-0.934759,-0.534715,-3.5,0,0.0371308,0.889924,0.454596
-6.07163,0.097375,21.1138,0.0229667,0,1.8,0,0.270331,-0.956162,-0.11258
10.5387,3.557,59.042,3.61173,0,-1.6,0,-0.0138814,-0.140658,0.989961
2.09462,-2.65913,37.3293,0.334048,0,-2.30111,0,-0.849676,0.500526,0.165906
18.4356,-11.6561,24.8533,0.561865,0.097396,-0.8,0,-0.196047,-0.696872,-0.689881
-1.0465,6.8165,33.2108,0.817288,0,-3.9,0,-0.548469,-0.684643,0.480047
20.2491,-0.75175,48.1911,0.236802,0,4.2,0,0.777268,0.00684816,0.629133
32.3577,-3.74475,28.7385,-0.911682,-0.736398,-3.5,0,-0.468949,-0.358909,0.807014
-23.2588,8.73837,13.7724,-1.0234,0,-3.5,0,-0.447333,-0.653314,0.610799
-0.823125,18.3869,33.4486,-0.647844,0,-0.7,0,0.392149,0.915097,-0.0938988
-3.235,-0.876,47.3789,0.0859356,0,0.304371,1,-0.67559,0.73727,0.00346415
-5.4895,22.455,26.9885,-0.451392,-0.814573,-3.5,0,-0.752497,0.577459,0.316685
-15.0697,8.7785,30.5031,-0.250008,-0.905946,-0.7,0,0.712738,0.366666,0.597963
16.0275,-0.6345,51.8,-1.33212,0,-4.5,0,0.379701,-0.359191,0.852531
15.5304,-11.0808,28.113,0.396209,0,-0.4,0,-0.598667,-0.563323,-0.569442
18.3319,2.903,29.2845,0.187484,-0.305858,1.05982,0,0.182341,0.901837,-0.391715
6.45925,18.4746,36.2855,1.13389,0.90393,-3.9,0,0.436591,-0.392229,0.809657
-0.89975,3.71187,44.9845,0.393561,0,3.8,0,-0.789593,-0.214573,-0.574893
-13.9929,5.1715,0.072,0.122983,0,-3.5,0,-0.13985,-0.744464,-0.652852
17.56,-0.442,14.7805,0.233178,0,3.8,1,-0.862942,-0.477116,-0.166404
4.648,16.844,37.816,-0.0185096,0,3.8,0,0.838507,0.544855,0.00629682
8.00412,11.6423,15.4174,-1.28409,-0.145087,-3.07019,0,0.658904,-0.678547,-0.324684
22.9988,-1.972,13.1927,0.313742,0.270811,-0.7,0,-0.510001,0.852734,-0.112884
2.5985,-7.62187,53.2734,-0.0447809,0,-1.6,0,-0.50162,-0.857775,-0.112243
28.0105,-5.88175,17.8775,-1.96082,-0.138479,-3.5,0,-0.282165,-0.886784,0.366056
-19.352,3.47125,17.362,0.2509,0,-1.6,0,-0.63692,-0.748841,-0.183219
-4.99188,5.75775,25.7424,0.306247,-0.0527391,-0.4,0,-0.184229,0.745106,0.640997
4.013,19.344,10.5972,-0.0746849,0,-1.56097,0,-0.502852,0.101686,-0.858371
-10.9964,8.22812,25.5506,-0.628537,-0.304091,1.72364,0,0.977233,0.169389,0.127759
-15.892,-2.06113,21.9275,0.202144,0,-3.9,0,-0.11542,-0.308701,0.94413
-6.83975,1.52425,23.3405,0.226893,0,1.8,0,-0.867236,-0.461589,0.186649
-2.633,-6.911,4.349,-0.106522,0,-3.5,0,0.463882,-0.804598,0.370722
-9.43713,20.488,20.4289,0.38979,0,-3.5,0,-0.126633,0.306453,0.943425
30.0443,-4.8865,17.0543,-1.3488,-0.255286,-3.5,0,0.77807,-0.526037,-0.343356
-4.19487,-3.27638,45.2808,0.423278,0,-0.4,0,-0.483373,-0.00584872,-0.875395
18.254,-1.246,17.326,0.379877,0,3.8,0,-0.861512,-0.499763,0.0896275
-2.03525,8.564,31.3057,2.92172,0,-3.9,0,-0.963604,0.2589,0.0666173
-0.82425,21.0779,44.2402,-0.0496936,0,-3.5,0,-0.194947,0.279228,0.940227
-3.24975,11.7203,34.561,-1.05264,-0.844923,-0.8,0,-0.405503,-0.905345,-0.126163
17.6857,9.129,40.8327,1.08071,0.69146,-3.5,0,0.196209,0.439023,0.87679
-2.2625,0.839,24.287,0.0696569,0,1.8,0,0.393825,-0.913479,-0.102262
6.10125,-9.28075,29.9735,0.522256,0,-3.9,0,-0.661766,0.654351,-0.365911
-15.3629,17.1628,19.5333,-0.00293897,0.469614,-3.74988,0,0.113269,0.769547,-0.628464
32.572,-4.5685,26.1203,-0.143573,0,-3.5,0,0.13117,-0.990919,-0.0295771
4.128,1.287,6.93,0.048429,0,-0.4,1,0.933792,0.340387,-0.110316
8.42488,15.5109,12.3366,-0.294689,-0.256361,-1.14888,0,0.893404,-0.148767,-0.423907
33.1169,-4.9395,19.8656,0.877636,0,-3.9,0,0.0477555,-0.0885568,-0.994926
8.70275,-3.72613,24.5584,0.224459,0,-1.3,0,-0.680374,-0.709787,0.182464
16.8851,-10.8016,35.5294,0.317796,0,-1.6,0,0.241128,-0.943974,0.225323
25.7008,-6.76425,26.759,0.179079,0,3.8,0,0.505001,-0.718009,-0.478996
-6.7335,-0.434375,20.3184,-0.527264,0,3.8,0,0.629221,-0.704955,0.327292
17.4648,18.5109,29.6844,-0.111173,0,-3.5,0,0.803001,0.533723,0.265197
12.206,-15.5092,33.5865,0.300733,0,-3.9,0,0.313346,-0.695703,0.646383
1.92875,17.6365,44.8325,0.153422,0,-3.39456,0,-0.386129,0.557394,0.734994
17.8375,-3.0635,13.3223,0.190344,0,-0.7,1,-0.896784,0.153402,-0.415025
0.963125,-9.57975,48.1416,0.555581,0.586012,-1.82661,0,0.633395,-0.773503,0.0224474
6.61662,20.8565,9.91187,0.449346,0,-1.6,0,-0.0352216,0.653111,-0.756443
17.2539,20.2718,19.7256,-1.51051,-0.336687,-3.5,0,0.977312,0.0881336,0.192598
20.354,-14.723,43.7175,-0.338066,0,-3.89763,0,0.437668,-0.876485,-0.200552
9.572,5.563,15.5365,0.0802863,0,-4.5,0,0.789428,-0.613828,-0.00433407
17.6421,-14.1903,31.3555,-1.29512,-0.168084,4.2,0,-0.112426,-0.988249,0.103556
8.761,-11.512,49.248,-0.00964378,0,-1.6,0,-0.0622233,-0.989447,0.130851
-27.4625,16.4277,40.9188,0.625417,0,2.5,0,0.541734,0.722308,-0.429878
-18.474,15.693,17.806,-1.26787,-0.716194,-3.5,0,-0.93195,0.295479,-0.210148
0.05025,6.6995,33.5471,0.654074,0,-3.9,0,-0.253371,-0.962194,0.0999248
-4.02525,24.4644,19.2755,0.472519,0.0131476,-3.9,0,0.352365,-0.204557,-0.913233
-25.13,16.555,46.083,0.109807,0,-1.6,1,0.218263,-0.668277,0.711173
-14.3287,-0.677625,14.4805,-0.391402,0,4.2,0,-0.001386,-0.806316,-0.591483
10.4345,17.3495,31.5295,-0.229034,0,-3.5,0,-0.515229,0.854744,-0.0628572
12.294,10.4644,42.1155,-0.43232,-0.105483,-1.3,0,-0.261622,0.857547,0.442908
-1.23937,1.17862,23.7079,-0.222022,0,1.8,0,0.344967,-0.665952,-0.661442
4.71537,6.10288,4.56931,-0.0405408,0,2.8,0,0.890375,0.436097,0.13058
1.813,0.5365,30.325,-1.06859,0,-3.5,0,-0.537271,-0.22112,0.813907
7.0055,17.7915,40.4405,-0.490094,-0.0164283,-3.5,0,0.731364,-0.0462662,-0.680416
-0.07575,5.6925,48.556,0.0377362,0,3.8,0,-0.849514,-0.0948895,0.518962
-18.9909,12.5939,39.8939,-0.289276,-0.509832,2.5,0,0.815,0.298203,0.496841
29.4514,3.537,21.373,-0.818976,0,-3.5,0,-0.408151,-0.104043,-0.906966
35.093,-3.17362,22.324,0.248822,0,-3.9,0,0.952881,-0.131075,0.273564
19.0025,12.6305,35.838,-0.978379,-0.430374,4.5,0,0.980493,0.194875,0.0256384
-9.43713,0.2955,6.58388,-0.124605,-0.0343644,-1.54388,0,-0.841754,-0.52928,-0.106364
10.3134,18.6744,19.0419,0.238637,0,-3.5,0,0.392106,0.0878273,0.915718
-9.28125,19.6791,12.9141,0.0889684,0,4.2,0,0.158604,0.838262,0.521691
19.1705,-9.3195,18.349,0.466259,0.0311576,-0.8,1,-0.122518,-0.661416,-0.739945
-0.32575,-0.181375,41.5005,0.40291,0,-1.6,0,-0.643527,0.287199,-0.709499
-5.30125,17.4616,37.1496,-1.6521,-0.559622,-3.5,0,-0.930616,-0.255094,-0.262451
-2.76612,27.369,20.3031,2.21042,0.0681265,-3.9,0,0.715996,0.647143,-0.261832
10.047,18.486,11.7458,0.110012,0,-1.6,0,0.966147,-0.222457,-0.130662
1.24575,21.212,30.5812,-1.1475,-0.410489,-3.5,0,0.976088,0.194996,0.0960714
12.9079,0.096375,31.0086,0.778581,0.668747,4.5,0,-0.0114576,0.313126,-0.949642
13.994,6.45013,28.643,0.0344018,0,3.8,0,0.585798,0.210029,-0.78277
-30.5494,12.8272,35.4697,0.894491,0,-3.9,0,-0.153686,-0.406025,0.900846
20.7766,5.97563,33.3662,0.955216,0,-3.9,0,0.50634,0.597269,-0.622004
17.9188,10.5225,30.1707,0.0884259,0,4.5,0,0.548258,0.122672,-0.827264
-9.99887,-4.33262,10.164,1.60067,0,-3.9,0,-0.162435,-0.645247,-0.746506
4.49425,18.3512,39.185,0.180489,0,-3.5,0,0.426964,0.228795,-0.874845
-6.90338,6.83663,24.9414,0.0720817,0,3.8,0,0.250509,0.536918,0.805583
35.8823,2.2205,14.862,0.929967,0.00956405,-3.5,0,-0.422263,0.84591,0.325776
-13.4375,-5.5605,17.787,1.51899,0.832252,-3.9,0,0.221861,-0.89296,-0.391662
-15.8765,12.5186,37.7267,0.121431,0,3.8,0,0.0782827,0.869889,-0.486995
-23.3004,11.8716,14.1681,-0.896763,-0.589194,-3.5,0,-0.511554,0.817977,0.263107
-0.23,18.765,9.63275,0.24438,0,-3.5,0,0.388433,0.896917,0.211329
-28.076,21.2122,36.645,0.214426,0,-3.9,0,0.156201,0.800288,-0.578913
-13.75,3.7415,2.9845,0.110041,0.0210149,-3.5,0,-0.307232,-0.917997,-0.25078
4.79712,2.58075,39.5371,0.286651,0,3.8,0,-0.792417,0.34508,0.502986
-24.3665,9.587,13.4795,-1.35384,-0.370286,-3.5,0,-0.836217,-0.397568,0.37773
-13.9629,10.3003,39.1754,0.173495,0,3.8,0,0.982368,0.181697,-0.0440465
-27.9644,11.1546,47.4871,0.0238267,0,1.8,0,-0.537636,0.0408579,0.842187
5.495,17.0621,35.777,0.242662,0,3.8,0,0.6386,0.159434,0.752842
18.0066,-10.8991,19.5696,0.162681,0,4.2,1,-0.000946801,-0.682332,-0.731042
13.9089,5.92362,42.9092,0.303259,0,3.37085,0,0.450975,0.789897,0.415554
17.2342,2.02638,15.6754,0.19356,0,3.8,1,-0.837845,0.545853,-0.00779758
32.6275,4.775,23.186,-0.154074,0,-3.5,0,0.894198,0.439979,-0.0826295
-12.2774,4.102,7.33475,-0.0194636,0,-1.3,0,-0.29369,-0.95571,-0.0191106
-20.1445,20.662,36.0015,-1.72585,-0.350291,-3.5,0,0.690335,-0.189876,0.69813
7.46737,19.2466,27.5865,0.518806,0,-3.9,0,0.025547,0.182412,0.98289
-26.7846,11.3265,42.493,0.235557,0,2.44844,0,-0.643809,-0.382893,-0.662498
-20.3405,-0.7285,19.366,0.209917,0,-3.9,0,-0.940515,0.0490518,-0.336193
-4.1155,-1.7715,50.62,-1.07394,-0.967454,-0.9,1,-0.588795,0.470041,0.657558
0.674875,8.80838,10.2795,0.150494,0,3.8,0,-0.0394593,-0.554421,0.8313
-16.4685,5.547,33.7038,0.750073,0,-4.5,0,-0.0685036,0.382384,0.921461
-14.53,4.63688,6.77287,0.346289,0,1.8,0,0.202954,-0.927363,0.314338
2.186,-7.89106,51.1986,-0.101094,0,3.8,0,-0.393819,-0.725778,0.564051
-0.68975,23.3725,32.538,-1.35878,-0.266848,-3.5,0,-0.0325975,0.227904,0.973138
-27.0516,0.36625,38.8571,0.50294,0,1.9,1,-0.817641,-0.266567,-0.510299
-3.8925,-4.235,1.19125,-0.195498,0,-3.5,0,-0.391776,0.0431026,-0.919051
-20.3803,6.10475,4.95275,0.180813,0,-3.9,0,0.221316,0.66751,-0.71095
26.9807,2.71925,29.843,0.472795,0,-0.7,0,0.115265,0.939357,0.32299
-4.94012,8.24362,41.1172,0.760745,0.0157083,-4.5,0,-0.819047,0.408566,0.402786
4.169,-5.723,34.343,0.0382998,-0.288376,3.8,0,-0.818079,-0.137237,-0.558491
7.19,-10.598,47.9925,0.120317,0,-1.6,0,-0.366343,-0.830026,-0.420536
-3.29,1.9305,-0.5125,0.212122,0,-1.6,0,-0.224113,-0.968524,0.108325
-2.88263,17.3195,22.0397,-0.707472,0,-4.5,0,0.104409,0.988056,-0.113331
34.2082,1.69225,10.1129,0.496489,0,-1.6,0,0.195982,0.217556,-0.95617
-17.1033,19.009,34.139,2.29363,0.104844,-3.9,0,0.88714,0.458592,0.0517255
24.2739,-5.095,37.1043,-0.130155,-0.264267,-3.5,0,0.759535,0.648732,0.0474632
-4.2665,-1.72425,47.8865,-0.197427,-0.793488,-0.812349,1,-0.60365,0.795552,-0.0519917
11.481,8.33825,9.25075,2.3451,0.139351,-3.9,0,0.431358,-0.78655,-0.441893
24.4342,-9.5065,10.9746,0.00941451,0,1.9,1,0.77856,-0.542131,-0.31613
-21.5252,5.92425,4.549,0.876573,0,-3.9,0,0.265677,0.371302,-0.889691
4.6335,11.106,6.0085,-1.17865,-0.060915,-3.9,0,0.302765,-0.026203,-0.952705
13.3573,18.9858,19.8439,-0.104838,0,-3.5,0,-0.507852,0.104207,0.855118
12.2241,9.75175,42.9445,0.0752952,0,-1.94668,0,0.398742,0.681008,0.614193
4.77212,-5.05587,31.6625,0.0298505,-0.307386,2.82519,0,-0.548643,-0.806907,-0.21884
-7.75313,15.0907,0.807625,0.7081,0,-1.6,0,-0.878873,0.213358,0.426685
17.624,15.7118,31.0882,0.240901,0,-3.5,0,0.976936,0.186476,-0.104035
23.11,0.3645,11.8765,-0.59369,0,1.9,0,-0.805068,0.315096,0.502573
23.7611,-4.83025,38.8215,0.0527668,0,-3.5,0,0.610007,0.791123,0.0448938
-3.697,-10.6545,48.1642,0.152812,0,-3.5,0,-0.904934,-0.126131,-0.40643
19.6205,0.828625,38.5916,0.599736,0,-0.387244,0,0.272975,0.606694,0.746597
-12.4405,-4.616,16.462,-0.225618,0,-3.5,0,-0.665672,-0.386338,-0.638455
-9.299,-2.75437,19.9689,0.651195,0.805299,-3.9,0,0.799877,-0.339032,0.495232
3.98575,7.0785,42.8623,-0.610107,-0.0706771,-3.5,0,-0.00443472,-0.899871,-0.436134
-25.2633,19.8439,30.4465,0.272656,0,-3.9,0,-0.648492,0.755917,-0.0897085
-8.95925,19.5572,21.3695,0.175433,0,-3.5,0,-0.630947,0.620501,0.465709
21.2251,-13.5667,13.6871,0.481968,0,1.9,1,-0.389759,-0.828832,0.401405
16.016,10.8755,29.6761,0.186914,0,4.5,0,0.604351,0.102877,-0.790048
2.54875,-1.839,29.5903,0.047547,0,1.8,0,-0.819129,-0.569699,-0.0668612
-21.8095,3.665,6.39075,-0.0835007,-0.418914,-3.9,0,-0.434084,-0.871156,-0.229476
4.79138,-7.494,55.9211,0.0299392,0,-1.6,0,0.450159,-0.459716,0.765518
14.5094,18.4539,14.6925,-0.069263,0,-3.5,0,0.504436,0.027297,-0.863017
-24.632,1.719,38.395,0.2335,0,1.9,0,-0.0430906,0.471975,-0.880558
2.681,1.50475,38.7835,0.0400037,-0.147624,-0.321385,0,-0.622654,0.650302,0.435212
-13.9108,0.66725,12.1755,-0.0405438,0,4.2,0,-0.571461,-0.575494,-0.585012
18.0893,12.552,37.974,-0.985287,0,-3.69999,0,0.97352,-0.157553,0.165638
-5.33025,5.6915,-1.6075,0.452791,0,-1.6,0,-0.100952,0.408165,-0.907309
-24.9869,22.7659,26.7681,0.459517,0,-3.9,0,-0.740755,0.669257,-0.058113
-2.709,10.767,45.178,1.54663,0,-3.9,0,0.0977801,0.398306,-0.912026
11.1728,16.1879,27.0239,-2.15175,-0.170108,1.8,0,0.732297,0.227808,-0.641752
1.453,5.7645,-2.9275,0.117726,0,-0.9,0,0.00307755,0.514598,-0.857426
16.2157,18.4969,18.3019,-0.85942,0,-3.5,0,0.814856,-0.560042,-0.149541
19.122,-13.6862,48.5425,0.84382,0,-3.9,0,-0.0216574,0.224234,0.974295
-25.565,11.807,46.694,-0.0477645,0,1.8,1,0.343961,0.325733,0.880675
20.2,1.147,26.3889,0.290584,-0.54678,1.61466,0,-0.23828,0.4907,-0.838115
-18.6782,1.03112,31.5481,0.238632,0,4.2,1,0.569634,-0.505801,-0.647829
35.4645,-4.05775,19.143,-1.1578,-0.316555,-0.4,0,0.299178,-0.944323,0.136922
-0.698875,6.48562,35.2562,0.512156,0,-4.5,0,-0.479303,-0.494986,-0.724746
-11.8159,-0.689875,14.3698,-0.187605,0,4.2,0,-0.616963,-0.779514,0.108232
21.9202,-9.71262,35.1533,-0.268067,-0.411424,-3.5,0,-0.621975,-0.437794,-0.649217
-15.1108,15.6814,12.8461,0.369294,0,4.2,0,-0.201475,0.557177,0.805581
9.19525,7.61775,17.1965,0.67861,0.901947,-4.5,0,0.736692,0.546742,0.397943
14.656,7.53687,29.7104,0.302105,0,3.8,0,0.698646,0.105975,-0.707576
10.7696,-6.76675,28.9714,-0.910712,-0.692901,-0.4,0,-0.902393,0.0869438,-0.422053
-15.9505,1.49662,34.7741,0.220191,0,-4.5,1,-0.714782,-0.674128,0.186111
18.916,1.51813,13.748,0.12099,0,3.8,0,0.0381131,0.209993,-0.97696
-5.92812,16.7531,12.609,-0.0217324,0,4.5,0,0.115162,0.97143,-0.20751
-18.6392,17.9105,27.3697,0.707353,0,-2.55427,0,0.34642,0.830728,-0.435757
-14.3956,9.85025,37.684,0.236257,0,3.8,0,0.788548,-0.165992,-0.592147
4.5555,-7.0785,32.922,-0.517098,-0.585373,3.8,0,-0.830581,-0.162453,-0.532677
13.6035,19.0611,26.6145,-1.72254,-0.134224,-3.5,0,-0.0151047,0.379275,-0.925161
-23.8861,8.80688,19.5459,-0.392587,0,-3.5,0,-0.746258,0.133081,0.652218
8.69438,-4.16875,26.9316,-0.0185045,-0.748528,-1.3,0,-0.437999,-0.84372,-0.310312
20.09,4.54,40.405,0.104889,0,-3.5,0,0.630661,-0.771403,0.0848795
23.7905,3.012,31.5783,0.48596,0,2.8,0,0.606099,0.638765,0.473944
37.0348,-3.45425,17.5605,-0.0933977,0,-0.4,0,0.822637,-0.536095,0.189394
9.395,-8.0685,52.29,-0.266995,-0.31249,-1.47317,0,-0.193598,-0.374355,0.906851
-7.625,15.6575,-1.5175,0.442122,0,-1.6,0,-0.758335,-0.0763717,-0.647376
-18.796,11.3495,34.561,0.401279,0.152924,-3.2,0,0.518665,0.840769,-0.155222
-11.3574,19.2283,15.6726,-0.195368,-0.00362519,-1.21811,0,-0.680932,0.573566,-0.455361
23.465,-1.247,9.614,-0.275725,0,1.9,1,-0.857598,0.00829067,-0.514254
-7.08975,20.8865,17.6917,0.414695,0.371026,-3.5,0,-0.0955011,0.653479,-0.750896
0.315,10.255,11.4342,0.151081,0,2.63867,0,0.40273,-0.760605,0.509204
7.9385,4.10525,29.1001,0.171199,0,-1.1977,0,0.281695,-0.830982,-0.479704
0.9125,19.4325,14.145,0.0488083,0,2.59681,0,-0.727856,0.430428,0.533814
4.86525,-9.02462,33.6558,0.325715,0,-3.5,0,-0.710839,0.174204,-0.68144
-0.215,4.532,38.275,0.65699,0,-4.5,0,0.0663569,-0.862795,0.501181
-4.409,-5.37063,1.41188,-0.879798,0,-3.5,0,-0.350774,0.228701,-0.908104
-3.71775,-11.4288,50.2998,-0.048557,0,-3.5,0,-0.866286,-0.342839,0.363332
3.24988,-7.09775,34.9178,0.664282,0.0989059,-3.5,0,-0.4422,-0.18535,-0.877556
-1.764,7.42325,14.4792,0.435026,0,-1.3,0,0.891956,-0.0776576,-0.445403
-5.858,18.6885,15.64,0.266529,0.707491,-1.3,0,-0.216407,0.478709,-0.850885
19.3577,17.8468,39.2173,2.12557,0.111533,-3.9,0,0.448347,0.864861,0.225834
7.11225,18.2595,42.8452,-1.4959,-0.0425703,-3.21188,0,0.538842,0.672874,0.506842
14.006,-13.368,49.972,-1.28898,-0,-3.5,0,0.364261,0.117913,0.923802
19.0759,11.9235,36.6514,-1.48393,-0.513803,4.5,0,0.934835,0.217985,0.280295
-4.56525,-0.6775,18.5958,0.171733,0,-3.5,0,-0.349554,-0.506602,0.788141
29.5933,-4.4155,28.3375,0.536042,0.559185,-3.5,0,0.446315,-0.849033,0.282748
-9.80637,-2.31087,9.41263,0.835497,0.35303,-2.88337,0,-0.772683,-0.0153832,-0.634606
11.311,10.243,41.0205,-0.438124,-0.0428716,1.7031,0,-0.160385,0.944023,0.288266
29.65,0.199,18.9015,0.200217,0,-3.5,0,0.521042,0.85344,0.012464
-8.82788,16.4025,4.219,0.341187,0,-4.5,0,-0.108767,0.373568,-0.921204
-12.1729,2.02775,33.11,0.40952,0,-4.5,0,0.910778,0.0510171,0.409732
-25.5889,13.2788,26.5361,0.150995,0,3.8,0,-0.994807,0.083755,-0.0578234
3.642,-1.064,3.637,0.549757,0,-0.9,1,0.785502,-0.606656,-0.122292
-21.1375,1.69288,27.5831,-0.392556,-0.59579,-0.8,0,0.309019,-0.469391,0.827152
-11.138,1.52925,23.1737,0.255491,0.00488438,-2.72623,0,0.455336,-0.307887,0.835389
5.22225,-1.3655,57.455,-1.50025,-0.674173,-3.5,0,-0.782246,-0.25021,0.570513
10.4637,12.0972,38.0715,-0.503834,0,2.8405,0,0.398779,0.614556,0.680659
-21.6949,11.9762,46.8035,0.233087,0,1.9,1,-0.0200177,-0.104899,0.994281
30.5818,-3.149,15.0872,0.0436174,0,2.5,0,0.206686,-0.968708,0.137426
0.46775,12.6497,-2.35525,-1.01075,-0.68661,-3.9,0,0.694159,0.465384,-0.549145
-17.1534,1.71738,32.0723,0.319041,0,4.2,1,0.466567,-0.647324,-0.602733
6.159,19.7908,36.4582,2.28538,0.0881173,-3.9,0,-0.154334,0.183251,0.970876
-10.408,16.5985,4.16213,0.078217,0,-4.5,0,-0.215611,0.489048,-0.845189
-3.61975,23.6445,19.8002,-0.711543,-0.478042,-3.68771,0,0.672807,0.157257,-0.722911
-4.223,10.9017,44.875,2.34875,0.151361,-3.9,0,-0.151833,0.444568,-0.882783
-1.003,21.5089,23.2774,-1.42348,-0.0323819,-3.78204,0,0.246373,0.471404,-0.846805
14.2984,1.19212,29.259,0.247951,0,1.55134,0,-0.984068,-0.115554,-0.135119
0.29075,19.9415,39.754,0.790354,0,-3.5,0,0.550748,0.0946135,-0.829292
-2.04875,19.6065,8.86187,0.258831,0,4.2,0,0.195439,0.666852,0.719105
-10.4661,1.90363,6.19606,0.294703,0,-1.6,0,-0.670126,-0.486725,0.560384
17.2183,7.33138,30.7931,0.242188,0,4.11094,0,0.393713,-0.225635,-0.891111
25.5246,0.11,19.0835,-0.444684,-0.844591,-3.5,0,-0.166843,0.932265,0.321008
21.4016,-8.83887,19.4929,0.38585,-0.578732,0.341472,0,0.604306,-0.768847,-0.209016
-21.8725,17.7815,34.8999,0.0191823,0,-3.60166,0,0.10445,-0.102604,0.989223
4.817,-2.10275,26.2873,0.779073,0.0180418,-2.60373,0,-0.489225,-0.797259,-0.353606
-6.045,19.119,7.755,0.64855,0,3.46669,0,-0.0191182,0.769021,0.638938
-2.51975,6.3395,31.3536,1.73075,0.904781,-3.9,0,-0.870245,-0.356543,0.339928
-5.93825,17.607,29.0877,0.438293,0.0332957,-4.5,0,-0.671155,0.60243,0.432005
27.0737,4.76625,25.8242,1.10903,0.0334511,-3.9,0,0.00514303,0.962117,0.272589
0.9495,10.1099,16.6024,0.329531,0,-0.395323,0,0.355351,-0.588651,-0.726096
-21.875,9.9435,46.3553,0.0716522,0,1.9,1,0.121752,0.0211611,0.992335
-5.23775,16.2132,11.9895,0.347352,-0.32091,2.2734,0,0.0171123,0.853788,-0.520339
6.3595,18.4175,28.013,-0.0995978,0,-3.9,0,-0.180645,0.598826,0.78024
16.7623,17.5653,31.708,0.264452,0,-3.5,0,0.685442,0.455908,0.56773
-20.4445,-0.4705,33.001,0.140001,0,4.2,1,-0.0317694,-0.858501,0.511827
1.142,6.46263,32.4577,0.918912,0,-3.9,0,-0.436157,-0.896448,0.0784089
-0.05475,18.0036,19.9275,-0.448751,0,4.2,0,-0.0486565,0.837443,-0.544355
-27.958,19.3875,39.5775,1.00929,0.0969795,-3.9,0,0.880268,0.0769953,0.468189
12.2005,-4.84212,23.5856,0.542756,0,-1.3,0,-0.0277579,-0.985498,0.1674
-23.51,6.18375,45.1235,-0.274451,-0.311543,1.9,1,0.266588,-0.566576,0.779694
-6.461,-6.71125,2.107,-1.46534,-0.711603,-3.5,0,-0.739813,-0.326831,-0.588097
11.2797,10.2806,43.5751,-0.276403,-0.0187757,-3.5,0,0.704618,0.697816,-0.128713
19.331,0.28375,39.4996,0.287873,-0.606196,-3.5,0,0.518982,0.739868,0.42808
-1.91288,9.13,30.2535,2.32972,0.227416,-3.9,0,-0.894311,-0.0504247,0.444596
16.6084,-14.4113,48.4436,0.222862,0.322981,-3.80315,0,0.227356,-0.559607,0.796963
1.59713,11.7534,15.1609,0.603101,0,3.8,0,0.134624,-0.971357,-0.195809
1.08275,16.7292,17.5131,-0.33966,0,3.8,0,-0.0128765,0.964641,0.263252
-1.69362,1.20487,47.6673,0.0415602,0,3.32442,1,-0.866308,0.234967,-0.440796
30.3344,4.60663,27.6523,-0.189296,-0.0760225,-3.9,0,0.138042,0.988921,-0.0545888
25.8461,-4.92925,17.3118,-0.480472,0.577775,-3.5,0,-0.0790347,-0.996275,0.0344975
28.2728,1.418,33.0757,0.280491,0.0474585,-1.22132,0,0.123329,-0.0555277,0.990811
-4.45738,8.1,25.2482,-0.14617,0,-1.59798,0,-0.526448,-0.345786,0.776714
-24.7862,-0.916625,40.4446,0.105099,0,1.9,1,0.434712,-0.879648,0.19299
-9.003,5.52525,1.06875,-1.35957,0,-1.3,0,-0.220885,-0.179139,-0.958707
-4.75163,18.4574,7.83213,0.768098,0,-3.40522,0,-0.0774997,0.513102,0.854821
34.4281,-3.232,14.8484,0.562042,0,-0.4,0,-0.376296,-0.726295,-0.575236
5.51975,-9.50675,32.5554,0.773883,0.315898,-3.9,0,-0.77841,0.439599,-0.448141
8.94,-4.59,28.347,0.0927257,0,3.8,0,-0.364614,-0.93098,-0.0182332
-13.769,20.04,23.0915,1.70424,0.388169,-3.9,0,-0.0478774,0.671866,0.739124
-0.232,-12.4109,49.385,-0.742272,0,-3.5,0,0.909521,-0.187412,0.37101
-24.2626,1.55475,25.6659,0.537671,0.251352,-0.8,0,-0.806098,-0.586584,0.0782614
-15.3506,10.4941,36.9179,0.276311,0,3.8,0,0.426025,0.186265,-0.885329
-15.794,7.55425,38.7492,0.303815,0,3.8,0,0.401611,-0.842134,-0.359888
-10.494,21.3095,16.6795,0.263506,0.165254,-3.5,0,-0.20176,0.520111,-0.829926
-15.6947,4.96125,2.03225,0.0271752,0,-3.5,0,-0.880492,-0.214305,-0.422856
-20.8127,4.84631,16.7917,0.23162,0,-1.6,0,-0.734396,-0.626715,0.260557
-13.7935,8.82887,5.7675,0.833153,0.375825,0.395791,0,-0.168976,0.838002,-0.518845
-16.5569,9.03438,34.2537,0.269397,0,-3.2,0,0.854019,0.1632,0.49398
-14.4532,3.16462,9.85925,0.251711,0,1.9,0,0.789753,-0.526135,-0.315393
8.638,-12.532,35.745,-0.579049,-0.405877,-3.5,0,-0.210182,0.00152673,0.977661
33.9958,-3.75081,15.8096,0.178847,0,-0.4,0,-0.612733,-0.776989,-0.144387
10.3434,13.1996,44.1016,-0.108306,0,-0.7,0,0.803658,-0.269794,-0.53042
5.63387,11.2459,46.9372,-0.668105,0,2.6521,0,0.235824,0.140651,0.961564
10.6362,7.801,51.2575,0.174213,0,4.2,0,-0.825706,0.470769,0.310783
2.47725,-7.33675,56.0215,0.100387,0,-1.6,0,-0.361315,-0.817991,0.447596
2.6955,1.48763,0.9915,-0.252109,0,-0.9,1,0.86133,0.0837603,-0.501093
33.0052,-8.08775,23.6178,2.17154,0.0886394,-3.9,0,0.0144839,-0.493411,0.869676
11.1059,3.49437,29.8633,-0.547278,0,3.8,0,-0.240317,-0.673139,-0.69938
-10.3039,9.05363,27.5589,-0.0740349,0,-0.7,0,0.921931,-0.384982,0.0428112
-5.63562,18.5434,37.389,-1.4277,-0.147718,-3.5,0,-0.986065,0.165911,0.0122189
-6.9455,0.9105,25.2616,-0.793135,-0.551877,3.8,0,-0.426701,-0.89736,-0.112569
8.75325,-16.551,33.5506,1.70233,0,-3.9,0,-0.449419,-0.826907,0.338004
-16.2145,-4.77425,21.7453,0.520612,0,-3.9,0,0.136131,-0.33122,0.933682
-5.85612,2.08575,-0.984625,0.0266417,0,-1.6,0,-0.536831,-0.802787,-0.259509
-2.56375,11.1775,49.8175,0.186134,0,-3.9,0,-0.12953,0.649786,0.748999
-28.4559,14.4641,41.6306,0.381315,0,2.5,0,-0.836165,-0.544903,-0.0625187
16.6634,3.57525,29.5732,0.418365,0.0943216,1.62794,0,0.55153,0.746719,-0.371787
5.264,4.80375,19.5775,0.452651,0,-4.5,0,-0.0880471,-0.86793,0.48882
4.925,17.6283,29.015,-0.638259,-0.502173,-3.9,0,0.177195,0.976257,-0.124599
16.7459,6.48763,45.3973,0.312056,0,4.2,0,-0.127429,0.972462,-0.19514
-26.9115,19.6667,29.4705,-0.0915124,0,-3.5,0,-0.241915,0.951095,0.192082
3.6125,8.66825,5.08475,0.00989414,0,3.8,0,0.609369,0.432403,-0.664603
20.404,7.702,41.2835,0.286609,0,-3.5,0,0.301801,0.331769,0.893781
-18.7435,18.8472,22.9625,0.826977,0.306922,-0.7,0,0.611069,0.741767,-0.276362
10.1236,-2.21125,58.3694,0.186582,0,-3.5,0,0.306608,0.0952085,0.947062
11.864,8.8365,25.1394,0.139778,0.0501406,-2.67458,0,0.226496,-0.642769,-0.731811
11.398,11.3935,56.19,-0.533174,-0.0820929,-0.8,0,-0.770611,0.618289,0.154525
-2.9115,-11.688,50.9325,-0.151415,0,-3.5,0,-0.248785,-0.355285,0.901043
-13.2441,15.8022,6.2125,-0.131161,0,2.71543,0,-0.78745,0.261988,-0.557929
-26.5352,2.632,40.059,0.122966,0,1.9,1,-0.887739,0.453352,-0.079945
19.8501,2.29938,18.8064,0.21969,0,3.8,0,-0.126383,0.303165,0.94452
-0.813125,6.03463,-1.14,-0.17201,0,1.8,0,-0.143082,0.347403,-0.926736
-2.17225,24.283,32.305,-0.339087,0,-3.5,0,-0.385867,0.230767,0.893226
8.07088,1.48287,23.375,-0.129771,-0.207597,-1.3,0,-0.150262,0.897623,0.414359
21.0268,-8.81375,11.8208,-0.147009,0,1.9,1,-0.918238,0.377326,-0.120264
13.023,-1.711,54.591,-1.2357,-0.809885,-3.5,0,0.904026,0.39438,0.164931
14.6908,16.3275,28.1712,-0.602881,0,-3.5,0,-0.260602,-0.548658,-0.794393
-31.3444,17.2681,43.041,-0.0746755,-0.430876,-2.4721,0,-0.874045,-0.420214,0.243857
-1.74513,21.229,38.7009,-0.801563,-0.909867,-3.5,0,0.132927,0.238817,-0.961923
23.346,4.444,35.348,2.94543,0,-3.9,0,0.93361,-0.299687,-0.196366
-11.018,19.469,12.1904,0.240896,0,4.2,0,-0.542629,0.709541,0.449561
-0.87425,-4.38525,4.811,0.253473,0,-3.5,0,0.506494,-0.561172,0.654637
-1.76688,19.1114,36.8386,-0.665091,0,-3.5,0,0.35844,0.791355,-0.495256
-15.1917,19.021,21.0103,2.39945,0.0959455,-3.9,0,-0.944875,0.187332,-0.268547
-18.7493,5.789,36.7685,-0.0574901,0,0.581136,0,0.832301,-0.546426,-0.0932356
-1.36812,0.857875,24.8697,-0.101476,0,-1.33678,0,-0.180687,-0.891262,-0.415938
-18.547,-1.895,18.2194,0.233019,0,-3.9,0,-0.629493,-0.338389,-0.699451
-25.2553,6.67075,41.8395,0.328562,0,1.9,1,-0.948498,0.131704,-0.288108
8.12925,4.84438,13.0673,0.824436,0.027401,-4.5,1,0.50982,-0.628207,-0.587741
17.3861,-11.3624,25.2162,1.20062,0,-0.8,0,-0.633648,-0.394042,-0.665749
15.1645,-5.2025,17.951,0.785208,0.144028,-4.5,0,0.758446,-0.354903,-0.54663
-21.7596,15.8462,22.6265,-0.035184,0,-0.7,0,-0.366238,-0.115293,-0.923351
9.8755,16.3545,20.365,-0.559969,0,-3.5,0,0.292615,0.82911,0.476396
2.92062,17.7703,39.1449,0.146114,0,-2.80568,0,-0.269758,0.665077,-0.69635
5.6325,9.4875,47.9825,-0.114213,-0.201357,-2.22378,0,0.236314,0.574761,0.783457
0.584625,5.885,18.0553,0.458985,0,3.8,0,0.602187,-0.504483,-0.618763
1.10812,3.8275,23.7876,-0.329212,-0.806392,-2.49615,0,0.675738,-0.565741,-0.472563
-23.1521,18.8692,24.7254,1.00066,0,-2.28461,0,-0.60098,-0.41758,-0.681505
10.7679,-11.3016,40.5704,-0.113631,0,4.2,0,0.15065,-0.891562,0.42711
3.25463,5.38575,18.6145,1.09309,0.399556,-4.5,0,-0.278293,-0.917625,-0.283755
-13.921,9.888,0.2965,-0.329029,0,-3.5,0,-0.299258,0.659667,-0.689409
-11.6376,18.7695,14.5448,-0.795268,-0.285516,1.8,0,-0.622818,0.774298,-0.112075
10.6839,11.4904,45.4022,-1.35355,-0.159217,-3.5,0,0.739448,0.56249,0.369895
-5.90912,20.9771,5.13175,0.533993,0,4.2,0,-0.851896,0.454367,-0.26043
-21.323,16.196,35.1791,0.0799578,0,-3.8295,0,-0.33086,0.383144,0.862399
8.40888,9.365,8.68075,0.610285,0,-3.9,1,-0.186373,-0.952284,-0.241702
14.328,12.2871,38.3481,-1.78641,-0.623502,-3.5,0,-0.838357,0.540804,0.0684707
-4.3285,17.6682,35.4021,-0.868946,-0.11985,-1.95591,0,-0.888975,0.052154,-0.454976
3.84713,-0.469375,33.8404,-0.81923,0,2.11516,0,-0.923762,-0.343917,-0.168478
25.487,2.82625,11.3384,0.274148,0,1.9,0,-0.131288,0.872631,0.470403
-16.1241,10.1546,31.7171,-0.653229,-0.168973,-3.2,0,0.595038,0.766573,0.241444
16.4951,-11.2996,20.281,0.148202,0,4.2,0,-0.494909,-0.627405,-0.601189
27.8797,-5.74263,16.1413,-0.993753,-0.644686,-3.5,0,-0.0844859,-0.935328,-0.343546
-3.20863,4.19925,42.2998,0.982219,0,-4.5,0,-0.075902,-0.719482,0.690351
22.6602,-9.36225,38.1427,0.505277,0.204588,-3.5,0,-0.0180676,-0.902028,0.431299
17.8926,6.52962,31.5986,0.324677,0,4.5,0,0.307263,-0.377733,-0.873446
-4.643,22.845,4.25,3.95338,0,-0.8,0,-0.954277,0.238999,0.179539
-2.21038,25.3289,20.9209,0.908118,0,-3.9,0,0.856413,0.0835366,-0.509489
-11.506,22.1715,20.721,0.546569,0.837009,-3.5,0,-0.148466,0.464127,0.873237
-28.7986,14.9015,30.9713,0.189898,0,-3.63375,0,-0.551441,-0.529051,-0.644995
-17.1524,4.52863,34.0214,0.544589,0,-4.5,0,0.129206,0.223255,0.966159
7.54475,15.3735,41.8015,-0.27586,-0.224611,-1.18922,0,0.75735,0.245506,-0.605102
-2.21537,7.70875,-0.980125,-0.00135268,0,1.8,0,0.167161,-0.17164,-0.970874
24.4832,0.30675,9.082,-0.818436,0,1.9,1,-0.168693,0.188148,-0.967545
0.809,11.831,44.515,-0.788889,-0.742366,-3.5,0,-0.722487,0.351522,0.595352
-18.4352,13.711,21.1169,-0.3928,0,-3.5,0,-0.65878,0.545948,-0.517639
21.989,-12.2945,44.325,0.66322,0.0108496,-0.4,0,0.930035,0.0298393,0.366257
4.08825,18.034,18.4405,-0.938441,-0.155824,-1.3,0,-0.152024,0.850944,0.502775
0.104125,-4.65963,37.8657,0.341961,0,-3.5,0,-0.871135,0.420251,0.253992
-7.59113,10.658,-3.22913,0.0166749,0,-3.5,0,-0.347412,0.098192,-0.932557
21.1103,-9.37325,38.5008,1.29245,0.45095,-2.55025,0,0.468858,-0.862933,0.188464
22.9649,-7.949,23.0138,0.534786,0,-1.6,0,0.886601,-0.291804,-0.358872
3.83275,1.46,56.536,-0.00386936,-0.0356514,0.334522,0,-0.756344,-0.128039,0.641522
-1.24162,4.68075,44.9827,0.638075,0.0141128,-3.5,1,-0.899584,-0.434607,-0.0431917
14.8049,12.0414,28.9368,0.0695892,0.9174,-4.5,0,0.695045,0.427929,-0.577745
-3.89025,13.332,32.2018,0.137592,0,-2.02662,0,-0.75266,0.0266684,0.657869
1.11137,18.0238,32.7629,-0.753845,0,-2.45223,0,-0.288135,0.889494,0.354653
-20.0516,3.81125,4.28687,0.0969658,0.306632,-3.82536,0,-0.247808,-0.0755847,-0.965856
30.4805,1.00538,21.0702,-0.326339,-0.100355,-0.456197,0,0.0604367,0.299136,-0.952295
-23.889,19.21,35.996,-0.200171,0,-3.5,0,0.282797,-0.462083,0.840539
4.28363,-12.6936,31.3692,2.86583,0.048313,-3.9,0,-0.846377,-0.1915,-0.496964
-0.54825,19.507,3.3425,0.692991,0,1.99598,0,0.982214,0.000390701,0.187766
-17.5875,4.14138,3.71563,-0.642597,0,-3.5,0,-0.337682,0.33813,-0.87843
7.8095,-16.3676,32.1686,1.06081,0,-3.9,0,-0.687283,-0.710942,-0.149007
3.00012,10.5041,12.3974,-1.04181,-0.734594,-3.5,0,-0.601639,-0.691849,0.399218
-10.0749,12.0214,-0.30775,-1.27181,0,-3.5,0,-0.835153,0.477809,-0.272429
-25.4779,17.6371,36.0459,-0.0274474,-0.922659,-2.9513,0,0.880378,-0.0635909,0.46999
0.1595,-6.96637,53.6595,-0.110317,0,-0.9,0,0.345084,-0.937679,-0.0409401
2.664,2.9425,45.2685,0.0962668,0,3.8,0,0.16836,-0.143717,-0.975192
-2.4215,1.24713,15.9464,0.373896,0,-1.3,0,0.979774,-0.171525,-0.103062
3.09625,1.29625,55.8722,-0.172617,-0.0408504,4.5,0,-0.75407,0.168913,0.634702
-18.73,6.80188,42.1077,0.00493646,0,-0.7,1,0.328313,0.112562,0.937838
14.7825,-11.3588,36.8509,-0.192959,0,-1.85238,0,0.532916,-0.570181,0.625215
-5.891,17.8751,4.41175,0.358588,0,0.449385,0,-0.635295,0.371018,-0.677308
19.661,-14.626,42.2632,-0.0458871,0,-0.4,0,-0.0208645,-0.794187,-0.607315
4.1985,-1.39375,7.14975,0.305982,0,-0.4,0,0.746891,-0.521817,0.412143
14.6261,19.7281,15.2045,-0.0412208,0,-3.5,0,0.33442,0.406778,-0.850115
17.665,11.8885,30.485,-0.118137,0,4.5,0,0.371338,0.20014,-0.906671
15.8375,-15.3503,45.4365,-0.0665963,0,-3.5,0,0.0342689,-0.72305,-0.689945
11.2963,-10.719,52.046,0.417762,0.390918,-3.5,0,-0.472527,-0.836872,0.27634
3.9145,7.9135,11.4104,0.347209,0,0.703091,0,-0.731679,-0.452259,0.510007
23.3894,-4.34475,39.9045,-0.101031,0.496362,-3.9,0,0.827301,0.538983,-0.158337
-3.10212,15.8194,4.61462,0.20384,-0.391802,-3.73938,0,0.919975,0.310074,0.239793
16.7705,-15.1812,47.1035,0.271823,0.0281752,-3.86568,0,0.158403,-0.968279,0.193248
-11.8155,5.6035,31.517,0.376354,0,-1.3,1,0.0793045,0.753981,0.652091
19.192,4.7975,43.413,-0.631628,-0.165134,3.09371,0,0.842385,0.52627,0.115875
23.6597,-7.11438,8.93675,-0.993258,-0.187772,1.9,1,-0.334504,-0.273182,-0.901931
14.2793,-4.25887,50.618,0.297421,0,-4.5,0,0.938865,-0.338379,-0.0634938
9.73075,0.1375,25.415,0.490008,0.735763,-0.580053,0,0.198268,0.897413,0.394132
-8.367,2.5005,2.4105,-0.283557,-0.236507,-1.6,0,-0.220171,-0.686954,-0.692546
11.6062,1.64094,58.9159,1.8053,0,-1.6,0,-0.0709295,-0.535322,0.841665
15.116,-7.07825,49.769,1.11365,0.874333,1.8,0,0.817048,0.537603,0.208366
-14.245,17.0295,8.188,-0.0666681,-0.136421,4.2,0,-0.689194,0.551746,-0.469668
-12.7475,13.4145,27.5785,0.0427237,-0.495047,-0.7,0,0.31944,0.68603,0.653698
16.1165,7.377,42.4841,-1.34026,-0.35394,-3.5,0,-0.305637,0.599338,0.739851
-2.10363,13.3564,40.518,0.356046,0,-3.5,0,-0.891087,-0.159884,0.424738
1.00175,5.70687,30.4601,1.01315,0.550605,-3.01807,0,-0.319587,-0.698672,0.640095
-3.686,-4.9445,53.5065,-0.642924,-0.255803,-0.4,1,-0.215825,0.333179,0.91783
16.6395,9.264,40.7002,0.403376,0,-3.5,0,0.183689,0.29296,0.938314
1.081,20.4361,14.4222,-0.0914924,0,-0.7,0,-0.826041,0.0211063,0.563214
-1.96037,20.4651,43.6529,0.04187,0,-3.5,0,-0.672372,0.191759,0.714944
-1.12063,1.00275,12.4044,0.520441,0,-1.6,0,0.213899,-0.84805,0.484828
5.8765,8.41813,21.4959,0.407479,0,-3.99983,0,0.970649,-0.0566264,0.233741
-8.16938,4.47,1.1885,-0.382753,0,-1.45309,0,-0.517786,-0.229196,-0.824237
-2.756,-0.081,28.048,0.129442,0.0469372,-3.5,0,-0.477007,-0.85747,0.1929
22.7446,1.3825,35.2125,-0.0246595,-0.411944,0.102641,0,0.750146,0.650594,-0.118352
36.3672,-0.586375,20.6935,0.322928,0,-3.9,0,0.775309,-0.0467136,0.629852
5.254,1.37975,42.2125,0.309802,0,4.5,0,-0.939423,0.336784,0.0637248
-17.743,12.7055,10.3827,0.50696,0,-3.9,0,-0.6389,0.532026,-0.555658
9.0255,7.715,13.849,0.686198,0.681684,-4.5,0,0.656577,0.421691,-0.625366
31.8335,2.967,20.64,-0.298946,0,-3.5,0,0.332749,0.0623317,-0.940953
14.5851,-6.54275,26.068,-1.41076,-0.722283,3.8,0,-0.835663,-0.390667,-0.386066
-15.3924,0.4415,14.4449,-0.443218,0,-3.5,0,-0.41479,-0.483717,-0.770693
-19.6693,13.516,15.7445,1.11578,0.444862,-3.9,0,-0.501464,0.744888,0.440086
14.0428,15.3792,28.7055,-0.5183,-0.0130217,-3.5,0,-0.0165197,-0.244286,-0.969562
-23.6567,9.95763,31.0365,0.0604841,0,-0.115133,0,-0.766796,-0.637016,-0.0789558
5.62288,21.855,16.0086,-0.589841,0,-2.86717,0,0.198702,0.959898,0.197769
-18.2211,11.9809,9.58675,0.210961,0,-3.9,0,-0.543281,0.560668,-0.624898
0.26825,17.7646,37.993,-1.21783,-0.216928,-3.5,0,0.651312,0.748315,-0.125771
12.6145,16.065,35.6965,-1.66617,-0.117917,-3.5,0,0.401751,0.628731,0.665803
-11.555,4.11137,32.145,0.429515,0,-1.886,1,0.196428,0.168508,0.96593
-23.3887,11.9724,16.5186,0.0197611,0,-3.5,0,-0.511977,0.834926,-0.201935
7.6435,-6.576,30.761,0.851414,0.829019,3.8,0,-0.513993,0.233104,-0.825514
-0.38575,17.0136,-3.4615,0.583484,0.0662181,-3.5,0,0.390278,-0.034362,-0.920056
-0.67075,19.4312,4.80175,0.347185,0,4.2,0,0.888816,-0.331923,0.315964
-19.875,0.740625,34.4656,0.201269,0,4.2,1,0.0519531,-0.633158,0.772277
0.135,25.037,29.8652,-1.37122,-0.289074,-3.5,0,0.232224,0.919383,-0.317502
-27.1628,16.9303,27.1208,-0.491001,-0.268462,-3.5,0,0.158756,-0.211552,-0.964387
22.1539,2.19213,37.4567,-0.330468,0,-3.5,0,0.176534,0.625014,0.76039
-20.5168,20.9422,32.7175,-0.543577,-0.932601,-3.5,0,0.498585,0.73441,-0.460494
4.274,-11.2349,43.8989,0.392741,0,-1.65655,0,-0.204258,-0.773134,0.600452
-0.58875,17.8888,30.686,-0.264507,0,1.8,0,-0.617583,0.691424,0.374867
-18.6133,18.0859,23.9514,0.0312753,-0.968386,-0.7,0,0.683811,0.630608,0.367064
25.5855,-5.20363,31.297,0.214151,0,3.8,0,0.503799,-0.263211,0.822743
-2.5555,-6.3915,2.0035,-0.873942,-0.675729,-3.5,0,0.789877,-0.546101,-0.27905
-18.6295,6.005,4.2095,-0.642547,-0.696355,0.50768,0,-0.535029,0.273454,-0.799354
23.349,-1.10125,11.9888,-0.190769,0,1.9,0,-0.91387,0.293854,0.280163
-25.3545,13.5745,25.5006,-0.0117633,0,3.8,0,-0.89628,0.386866,-0.216831
-15.6396,11.093,30.199,0.550029,0.772256,-0.7,0,0.378133,0.351714,0.856337
-26.758,18.311,42.3618,0.603361,0.250362,-2.55032,0,0.269981,0.41196,-0.870287
2.97025,21.4702,11.4816,-0.0202435,0,-0.7,0,-0.055275,0.184263,-0.981321
25.7563,-5.86825,20.1763,-0.315205,0.39449,-3.2,0,0.562414,-0.809837,0.166897
10.1945,-8.6795,43.5635,-0.165794,0,1.71467,0,-0.168135,-0.954321,0.246986
-15.2955,-4.18475,21.6781,0.789672,0,-3.9,0,-0.0400125,-0.318705,0.947009
-23.9322,11.0597,29.2038,0.085399,0,3.8,0,-0.878291,-0.428503,0.212108
19.1806,-6.95825,17.482,0.472483,0,-0.8,0,-0.946037,-0.10292,-0.30728
-23.0715,8.0075,32.8815,0.35711,0,-3.2,0,-0.959404,-0.163599,-0.229737
0.706875,11.5236,46.9741,0.0307095,0,-3.9,0,-0.0803284,0.987571,0.135095
-4.8975,5.0315,32.3457,0.716707,0.462632,-1.3,0,0.76407,0.627499,-0.149809
-17.9827,7.54825,6.83275,-0.0134695,0,1.8,0,-0.599937,0.725574,-0.337072
14.9806,12.0809,19.6986,-1.70574,-0.518126,-3.5,0,0.841433,-0.499027,-0.207273
5.12525,12.7083,47.3711,-0.285115,0,-1.26117,0,0.19675,-0.494225,0.846777
4.784,19.2752,42.6205,-0.251586,0,-3.5,0,0.192987,0.799955,0.56818
-5.993,-3.314,15.1058,-0.269836,-0.431389,-3.5,0,-0.185239,-0.938409,0.291677
8.133,0.1645,21.0725,-0.468377,0,-1.3,0,0.0778265,-0.0011831,-0.996966
18.1515,-0.8325,50.832,-0.0696014,0,-4.5,0,0.733128,-0.368594,0.571543
13.0553,-5.136,22.7196,0.681647,0,-4.5,1,-0.111394,-0.838714,0.533057
5.24512,2.13788,40.9156,0.343282,0,0.345107,0,-0.957633,0.203101,0.204179
-6.52138,23.1502,21.9579,-0.435871,0,2.37475,0,-0.753238,0.639292,-0.154718
5.57525,16.2022,9.77125,-0.363653,-0.0443205,-1.2402,0,0.0492796,0.454993,-0.88913
2.017,-9.06325,48.4352,0.0696817,0,3.8,0,0.246439,-0.966868,-0.0665832
-13.5135,-4.64025,23.0195,0.491342,0,-3.9,0,-0.753051,-0.367483,0.545775
-0.5335,12.0744,-2.95725,-0.521692,-0.348788,-3.9,0,0.462541,-0.0427395,-0.885567
-6.476,-2.75425,17.6092,0.646591,0.514155,-3.5,0,0.379272,-0.816115,0.436014
19.6752,4.48125,38.9299,0.111809,0,-3.5,0,0.574863,-0.794215,0.196864
-17.423,5.56213,3.74225,-0.832112,-0.00638742,1.8,0,-0.392881,-0.0703056,-0.916898
-15.5564,9.2095,31.4848,-0.512795,-0.784625,-3.2,0,0.885958,0.417755,0.201392
-2.11687,0.929875,23.0251,-0.0358117,0,1.8,0,0.673788,-0.620327,-0.401502
1.85025,-1.95613,55.9401,-0.136632,0,0.502963,0,0.496368,0.0979364,0.86257
22.7406,3.46475,35.844,2.56365,0.0138479,-3.9,0,0.926312,-0.329951,-0.181874
9.7625,14.3485,47.3325,-0.0263584,0,-0.7,0,0.0704297,-0.320421,0.944654
-24.61,3.79325,44.1203,-0.668055,0,1.9,1,-0.122543,-0.490732,0.86265
-25.409,5.902,26.1133,-0.798523,-0.35892,-0.8,0,-0.106501,0.826162,-0.553275
-14.6581,3.81137,8.73263,0.544786,0,1.49084,0,0.546459,-0.702104,-0.456544
-13.6835,-6.00787,19.7269,1.45853,0,-3.9,0,0.185027,-0.973917,-0.131341
1.01525,12.9645,2.4285,0.0569614,0,4.5,0,0.914743,0.402996,0.0289565
14.2437,13.1108,25.3065,-0.213114,0,-0.7,0,0.85182,-0.088628,0.516283
11.2554,-2.1855,22.0317,0.00572432,0,-1.3,1,0.12286,0.131459,-0.983679
4.42325,-13.4228,33.2546,0.752314,0.418641,-3.88013,0,-0.571844,-0.819269,-0.0423482
-0.8415,-1.47337,57.072,0.0545683,0,-0.9,1,-0.386852,0.37523,0.842347
21.7712,5.7685,33.802,1.57484,0,-3.9,0,0.473036,0.700716,-0.534073
5.8115,9.325,7.67025,0.197901,0,-0.0515528,0,0.47695,-0.720912,-0.502797
-16.7838,16.5745,30.4134,0.530377,0,-3.9,0,0.888005,0.171481,0.426664
-22.761,23.2227,24.0535,2.52695,0.145393,-3.9,0,0.237325,0.829308,-0.505891
18.6127,2.89525,41.7347,-0.572807,-0.0533408,1.8,0,0.835225,-0.463525,-0.295877
-21.079,14.0789,41.5653,-0.40468,0,2.5,0,0.768259,0.368115,0.523707
-20.6164,13.1814,15.9637,-0.538633,0.355289,-3.69692,0,-0.120129,0.957351,0.262771
-8.3705,20.4645,21.535,-0.000364522,-0.179667,0.5,0,-0.96173,0.214606,0.170352
-11.2587,-4.2665,13.8496,-0.866048,-0.550039,-3.5,0,-0.835451,-0.442886,-0.325383
-5.2365,-2.65275,49.9762,-0.555824,0,-0.9,1,-0.909288,0.230347,0.346606
1.692,6.888,50.475,-1.04917,-0.731495,-3.9,0,-0.0959679,-0.00600161,0.995366
35.0731,-4.23925,15.4288,0.141304,0,-0.4,0,-0.239413,-0.830668,-0.502665
12.3045,-9.474,54.8625,0.0492975,0,-3.5,0,-0.405409,-0.230927,0.884486
12.0437,-9.59169,28.5161,0.534094,0.0912149,-0.4,0,-0.470686,-0.543636,-0.694921
21.1734,-2.90225,12.3278,0.216621,0,-0.7,1,-0.25091,0.379039,-0.890715
-13.7976,3.5645,25.7001,0.0832833,0,1.8,0,0.316508,-0.790303,0.524637
4.06337,20.4434,40.7644,0.438819,0,-3.5,0,-0.180212,0.981253,-0.0683104
28.771,6.264,21.7145,-1.11922,-0.607032,-3.5,0,-0.388965,0.496064,-0.776291
0.7265,-5.12537,39.1745,0.326992,0,-3.5,0,-0.89253,0.0971176,0.440407
-12.8815,10.6501,2.53325,0.605909,0.492125,-3.5,0,-0.418129,0.823497,0.383433
19.2008,-5.12663,46.0726,0.554548,0,-3.9,0,0.312897,-0.166431,0.935092
4.80713,0.826875,57.854,0.380684,0,-3.9,0,-0.779582,-0.326766,0.534299
-29.0737,10.6744,45.5615,0.0438765,0,1.8,0,-0.989495,-0.0406987,-0.138721
11.433,4.49275,27.4737,-1.08679,-0.0384042,-3.5,0,0.367475,-0.507512,-0.779355
18.6117,8.33613,41.0014,0.466617,0.084821,-3.5,0,0.218356,0.609954,0.761759
-23.2935,2.0535,39.4974,0.17262,0,1.9,0,0.842179,-0.528663,-0.10607
-2.715,-4.86,53.9492,-0.580166,0,-0.9,1,-0.689843,0.0276672,0.72343
-4.96525,22.047,5.08462,1.33175,0,4.2,0,-0.773964,0.630106,-0.062821
-13.6853,17.2013,12.1719,0.329437,0,4.2,0,-0.379911,0.732876,0.564411
-14.9725,2.85875,8.8455,0.530859,0,1.9,0,0.784002,-0.349965,-0.512703
-10.9023,10.6775,0.98325,-0.86063,0.203257,-3.78796,0,-0.656868,0.627813,-0.417584
14.844,18.9465,31.1275,-0.45747,0,-3.5,0,0.0705633,0.67751,0.732121
3.85212,-2.688,28.128,1.47939,0.68798,1.8,0,-0.380408,-0.788171,-0.483814
-12.7058,17.256,24.223,0.885046,0,-3.9,0,0.0478816,0.329665,0.942883
-14.2439,3.22837,36.2889,1.02806,0.0868273,-4.5,0,0.23178,0.670385,0.704884
19.4539,-0.984625,40.9193,0.811913,0,-3.5,0,0.706588,0.663825,0.245093
33.0744,-8.76188,22.7153,4.02515,0,-3.9,0,0.0792515,-0.87586,0.476014
24.5196,-13.3819,25.3705,0.568771,0.533394,-0.8,0,0.491582,-0.631472,-0.599658
2.455,-2.76175,38.2788,0.322012,0,-1.3,0,-0.896107,0.429308,0.112639
-5.65263,5.09525,31.5893,0.463419,0,-1.3,0,0.640023,0.684882,-0.348292
-21.2257,12.821,18.8008,-1.31554,-0.371113,-3.5,0,-0.247482,0.963682,0.100352
19.958,1.1275,49.1367,-1.2455,-0.0643961,4.2,0,0.869721,0.000830573,0.493543
-26.1645,4.60925,28.7617,0.0105729,0,-0.8,0,-0.600257,0.0575527,0.797734
-22.2235,22.9494,24.874,2.79145,0,-3.9,0,0.710415,0.70274,0.0382998
8.091,-11.218,40.1743,-0.0339317,0,4.2,0,-0.0378943,-0.999279,0.00213072
-24.3704,18.0636,43.1231,0.666809,0,-1.6,0,0.646845,0.507775,-0.568995
23.3861,4.4465,28.6656,0.762322,0.345292,2.8,0,0.00663376,0.979518,-0.201246
0.058,24.357,28.6605,-0.646941,-0.682397,-3.5,0,0.394014,0.663325,-0.636202
15.5749,-11.7577,49.5461,-0.929534,-0.0362867,0.619615,0,0.0511242,-0.479992,0.875782
-17.8925,14.4878,12.3833,1.63589,0.00611657,-3.9,0,-0.530416,0.673503,-0.514832
24.6916,-6.2355,25.6612,0.308239,0,1.44146,0,0.690369,-0.570853,-0.44443
-20.0985,8.461,8.11275,-0.450003,-0.754199,1.9,0,-0.321508,0.648223,-0.690246
15.1722,15.5562,17.7903,-0.505263,-0.317867,-3.5,0,0.948367,-0.23812,-0.209521
-6.2735,14.3885,37.0255,-0.561105,-0.378407,-0.8,0,-0.960917,0.249282,-0.120406
-2.68712,26.2445,23.2915,0.177639,0,-3.9,0,0.348789,0.818886,0.45582
-19.513,12.1386,34.9958,0.426025,0.825002,-3.2,0,0.815561,0.570543,-0.0966448
-3.862,-8.68775,48.0075,0.446389,0.073889,-1.93934,0,-0.620748,0.0436151,-0.782796
27.8013,-5.038,9.15525,0.0400509,0,1.83047,1,-0.310911,-0.873645,-0.374272
6.87012,9.4735,20.6126,0.241092,-0.272868,3.8,0,0.687776,-0.53342,0.49237
-27.5408,17.4294,41.8647,0.718,0,-1.2724,0,0.450821,0.363744,-0.815138
11.1145,1.265,22.6588,0.318251,0,-1.3,0,0.671252,0.637578,-0.37804
10.9416,17.4075,28.2784,-1.575,-0.66911,1.8,0,-0.457535,0.877235,0.145325
-3.02387,12.0689,30.7355,0.326741,0,-0.9,0,-0.570395,-0.665243,0.48177
22.4155,4.329,37.4292,2.4244,0.499729,-3.9,0,0.564558,-0.00731294,0.825361
-3.66213,19.0889,-0.491,0.534792,0,-1.88923,0,-0.138035,0.915247,-0.378509
-7.5085,1.154,21.8705,0.143027,0,3.8,0,-0.265822,-0.518575,0.812661
11.4893,19.6427,14.961,0.508518,0,-3.5,0,0.19973,0.597098,-0.776906
-4.5115,-1.05875,3.5775,0.313479,0,1.5319,0,-0.709035,-0.255412,-0.657293
16.5446,-12.9756,41.4399,0.273154,0,1.9,0,0.119608,-0.852753,-0.508435
2.60125,17.8447,24.5725,-0.313625,0,4.2,0,0.728547,0.684287,-0.0311488
-1.0745,19.5231,8.37725,0.177293,0,0.691446,0,0.562342,0.776511,0.284258
-17.624,7.1955,41.7625,0.0395118,0,-0.7,1,0.115556,0.422856,0.898799
-21.9809,16.6741,40.95,0.550252,0,2.5,0,0.363423,0.914723,0.176649
1.5825,-0.908625,55.8921,-0.208668,0,-0.9,0,0.234562,0.295597,0.926069
30.968,-4.392,27.0895,0.25693,0,-3.5,0,0.0749889,-0.963038,0.258718
11.3719,17.7376,32.2836,-0.199836,0,-3.5,0,-0.209133,0.96057,0.18322
23.52,-0.963,38.652,-1.74654,-0.731503,-3.5,0,0.89991,-0.341241,0.271506
6.9335,18.9303,40.873,-0.518033,-0.0484578,-3.5,0,0.81652,0.447607,-0.364614
6.7415,7.48263,20.4776,0.400209,0,-4.5,0,0.672503,-0.114881,0.731124
-3.052,11.7327,45.7142,1.37136,0,-3.9,0,0.0247526,0.740504,-0.671596
13.6164,10.7644,57.1394,1.03703,-0.234414,-0.8,0,0.0801391,-0.230489,0.969769
-9.18125,13.3914,-0.1405,-0.978419,-0.00418538,-3.5,0,-0.620855,0.7355,-0.271254
-8.308,1.8945,25.3345,-0.196378,-0.569825,3.8,0,-0.15852,-0.797376,-0.582291
-8.58613,-3.93712,13.7714,2.25023,0.0768179,-3.9,0,0.622155,-0.645509,0.442991
-2.11375,20.6161,30.1706,-0.474041,0,-3.5,0,-0.339289,-0.578237,0.741974
-18.8866,13.9932,32.0159,0.362607,0,0.416799,0,0.753577,-0.590207,0.289445
6.27575,18.0445,31.1243,-0.0625335,0,-3.9,0,0.682671,0.5083,-0.524967
19.1558,-0.256625,22.4595,-0.726262,-0.19682,-3.2,0,-0.0130219,0.992851,0.118646
-14.6582,-5.07375,21.1515,1.49218,0,-3.9,0,-0.188607,-0.57529,0.795907
4.257,-11.4509,33.2113,1.97842,0,-3.7232,0,-0.96671,0.0512338,-0.250693
7.03062,9.62025,23.4513,0.3964,0,-3.30159,0,0.582375,-0.536252,-0.610961
-12.0305,8.99162,-0.4435,-0.885581,0,-3.5,0,-0.00766011,0.405359,-0.914125
-2.61112,0.643875,1.4505,-0.172534,0,2.63517,0,-0.702526,-0.327268,-0.631944
12.981,-6.55275,28.2262,0.021359,-0.406513,0.843998,0,-0.128349,-0.231044,-0.96444
-9.06162,-5.53788,16.639,-1.2674,0,-3.5,0,0.753245,-0.652087,-0.0860535
-25.9865,19.6003,31.3818,0.247666,0,-3.5,0,-0.583821,0.725574,-0.364275
-20.6197,12.9453,17.0799,0.134641,0,-3.5,0,-0.00468869,0.995226,0.0974889
12.5953,12.1159,55.9564,0.313951,-0.314185,-0.8,0,-0.63939,0.75721,0.133466
30.1015,-0.856,17.631,0.888601,0,-3.5,0,0.873486,0.481897,-0.0692588
18.9546,-1.51762,49.2259,0.109801,0,4.2,0,0.278918,-0.443331,0.851858
1.86312,-2.32687,-0.38725,-0.447261,-0.659842,-0.4,1,0.22011,-0.158085,-0.96258
-20.0475,13.1685,35.37,-0.00448576,0.007951,-3.45313,0,0.860296,0.443974,0.250556
-2.20038,0.068375,47.5469,0.230208,0,2.8,1,-0.66673,0.653932,-0.357553
-8.60825,5.75012,28.9702,0.522945,0.139801,-0.175509,0,0.409408,0.902322,-0.134906
2.427,3.198,25.032,-1.27768,-0,-3.5,0,0.46722,0.222661,-0.855644
21.9573,-2.51425,43.2135,1.57119,0.189827,-3.9,0,0.769353,0.274119,0.577022
-3.56325,-7.043,45.6794,0.383688,0,-0.7,0,-0.79517,-0.58274,0.167687
6.858,14.3495,39.8898,-0.933286,-0.385556,-1.3,0,0.70525,0.612402,-0.357192
22.1947,-5.20425,11.1985,0.648043,0,1.9,1,-0.552655,0.311091,-0.773172
-0.939625,17.7348,18.1996,-0.270804,0,-1.3,0,0.741619,0.638283,-0.206388
-4.336,8.8835,45.5035,3.37609,0,-3.9,0,-0.321627,-0.853011,-0.411008
-26.9905,18.983,32.0005,0.170162,0,-3.67798,0,-0.559284,0.730059,-0.392703
13.9414,11.5566,39.9561,-1.08055,-0.150009,-1.3,0,-0.261812,0.913625,0.311038
8.06525,19.9137,23.3105,1.17926,0.0867955,-3.9,0,0.140136,0.161885,-0.976809
-29.1528,16.7568,46.2075,0.0276603,0,-1.6,0,-0.295481,-0.14103,0.944882
19.7286,-4.90863,12.6474,0.340924,0,-0.7,1,-0.583499,-0.329118,-0.742436
-22.4301,1.9175,31.1389,-0.376463,-0.0336867,1.28673,0,-0.743316,-0.604608,-0.286235
5.73975,19.6402,17.8975,-0.55592,-0.0782302,-3.5,0,-0.715113,0.167759,0.67858
4.654,0.684625,41.5455,0.31249,0,-1.3,0,-0.643762,0.738976,0.198709
-11.4076,-5.05225,23.4893,0.518434,0,-3.9,0,0.163352,-0.63729,0.753112
10.3635,-0.45125,21.6232,-0.0716795,0,-1.3,1,0.259348,-0.0910927,-0.961478
23.9529,1.68963,33.5415,0.964645,-0.37373,0.591741,0,0.250652,0.811665,0.527611
14.6125,-4.489,52.0255,0.129609,0.43836,-3.94784,0,0.959926,0.200139,-0.196178
25.806,1.40737,13.1722,-0.188296,0,1.9,0,-0.309935,0.934746,0.173755
-25.091,18.6588,46.4442,0.138449,0,-1.6,0,0.391745,0.372183,0.841436
-11.017,20.1676,11.287,0.25937,0,4.2,0,-0.36068,0.831898,0.421729
6.925,19.8444,23.41,1.12248,0.572277,-3.9,0,-0.603877,-0.0462231,-0.795736
-20.7795,7.75225,7.395,0.165894,-0.179266,-2.05657,0,0.0790201,0.896044,-0.436876
14.3366,20.801,20.0741,-0.649023,0,-3.5,0,-0.447467,0.404176,0.797756
21.5629,-11.2177,44.4238,0.355636,0.216985,-0.4,0,0.706985,0.430272,0.561283
-23.7376,10.449,23.0575,-0.0653401,0,-0.466528,0,-0.843158,0.0994753,-0.528383
-12.127,21.705,18.086,0.0180665,0,-3.5,0,-0.73651,0.342884,-0.583081
13.8767,8.76644,20.7679,-0.35953,0,-0.8,0,0.649067,-0.738926,0.180833
24.393,4.2505,24.1081,1.56416,0.631447,-3.9,0,-0.882007,0.467503,-0.0591929
17.4794,4.34713,49.7005,0.416453,0,-2.41102,0,0.50129,0.378975,0.777873
38.8358,0.646,13.6987,-0.578756,0,-3.5,0,0.88337,-0.0381339,-0.467123
-24.9102,10.8643,35.1011,-0.20635,0.720447,-3.44483,0,-0.861541,-0.431381,-0.26769
-2.83875,-0.7585,13.6565,0.29133,0,-3.59929,0,0.908716,-0.317623,-0.270833
22.3743,-1.4595,42.2088,2.54716,0.586269,-3.9,0,0.563232,0.735984,0.37563
25.678,-7.117,10.1125,-0.814965,0,1.9,1,0.848066,-0.508539,-0.148901
-9.80669,2.18863,25.7554,0.0576423,0,3.8,0,-0.302659,-0.936617,-0.176482
0.741,4.7555,44.084,0.376269,0,0.15,0,0.292402,-0.66124,-0.690842
12.1228,-11.4339,43.7196,0.256114,0,1.9,0,-0.974151,0.0847681,0.209388
19.376,9.84638,38.6048,0.14863,0,-3.5,0,0.549685,0.835371,-0.00134953
6.61906,0.918375,24.9264,0.659758,0.0100494,-0.417973,0,-0.0421063,0.980372,-0.19261
-23.6305,14.158,23.3505,-1.53259,-0.0373885,-0.7,0,-0.351817,-0.0799924,-0.932645
23.3915,-10.9178,41.0452,-1.65879,-0.519081,-3.5,0,0.420997,-0.693515,-0.584635
-2.99225,19.4648,19.4906,-0.87571,-0.209951,-2.40008,0,0.77771,0.399811,0.485096
14.0605,-8.9535,26.3835,0.312619,0,-0.4,0,-0.763268,-0.204423,-0.61289
9.64587,0.81025,58.1797,3.1818,0,-3.11403,0,0.245883,-0.478013,0.843235
5.6315,-9.99788,29.3559,0.430913,0,-3.9,0,-0.625539,0.585962,-0.51512
5.03438,6.76875,9.36637,0.350567,0,3.8,1,0.883513,-0.468314,0.00933208
-8.65763,19.2119,14.0985,-0.158142,-0.206624,-3.5,0,0.415753,0.909437,-0.00856366
22.1887,-13.8244,13.2334,0.651642,0,1.9,1,0.20343,-0.9552,0.214962
-32.1958,17.7703,37.6143,-0.619928,0,-0.4,0,-0.907126,0.244177,-0.342783
-2.6655,-0.4325,27.1075,0.127234,0,-3.5,0,-0.36012,-0.921454,-0.145729
9.732,9.033,57.551,0.0256161,-0.357238,-3.5,0,-0.106614,0.966423,0.233794
-19.3406,2.781,18.4575,0.386214,0.389823,0.971146,0,-0.672255,-0.384681,-0.63253
-27.9516,17.7906,26.6556,-1.09449,-0.0305487,-3.5,0,0.345465,0.0259075,-0.938074
11.6179,10.68,18.4592,0.252352,-0.193522,-2.35124,0,-0.124164,-0.470661,-0.873534
1.89625,1.21563,44.1954,0.24346,0,-1.6,0,0.429413,0.856214,-0.287232
1.5895,23.0065,31.5795,-1.43273,-0.244781,-3.5,0,0.975584,0.00477883,0.219576
-5.30925,-5.87038,4.65125,-1.24403,-0.287245,-3.5,0,-0.458952,0.000385682,0.888461
-18.06,-3.8295,21.51,0.231117,0,-3.9,0,-0.564982,-0.475906,0.674025
5.84438,-7.33625,31.9804,-0.390282,-0.0113839,3.8,0,-0.56788,-0.0802735,-0.819188
-13.7657,-0.255,34.403,0.433762,0.354157,-4.5,1,-0.0225881,-0.997733,0.0633899
-25.7948,10.099,41.5522,-0.692847,-0.074185,-1.42263,0,-0.953261,0.0207376,-0.301435
-27.2224,0.30525,40.0145,0.541607,0,1.9,1,-0.95537,-0.277689,0.100781
1.59,18.3197,19.99,-0.382291,0,4.2,0,0.11176,0.837309,-0.535185
13.8859,10.8121,25.5128,0.105384,0,-3.70645,0,0.642369,-0.0347831,-0.765606
35.8591,-2.12063,13.2146,0.214649,0,-1.1485,0,0.206009,-0.910164,-0.359391
15.5833,-6.01888,23.9441,0.222221,0,-4.5,1,-0.679132,-0.733148,0.0356984
14.1943,2.04938,52.2931,0.420617,0,-4.5,0,0.399753,-0.270962,0.875658
-17.3245,15.7436,16.2529,-0.930794,-0.0115641,-3.69813,0,0.0333519,0.886949,-0.460662
-17.3826,5.078,39.0028,0.247453,0,-0.7,1,0.570492,-0.629384,-0.52765
3.662,-5.67325,57.1917,0.0105387,0,-1.6,0,0.186297,0.0195403,0.982299
6.816,-12.2835,37.4235,-1.75877,-0.193102,-3.5,0,0.8559,-0.348388,0.382178
8.005,-9.98,37.5129,-0.610548,0,-3.5,0,0.273717,-0.887082,-0.371704
9.064,-5.255,54.8867,-0.558067,0,-3.5,0,-0.285349,-0.930153,0.231065
20.7843,-0.95375,22.2108,0.489688,-0.0868693,-3.2,0,0.198483,0.912623,0.357386
-4.1095,20.575,7.707,0.509078,0,4.2,0,-0.544445,0.415555,0.728624
32.3273,2.5375,27.1635,0.593602,0.0870076,-3.9,0,0.996052,0.0786896,-0.0410902
13.6475,6.96,49.7627,0.712031,0,-0.14996,0,0.445035,0.448701,-0.774991
15.0965,-9.09975,53.497,0.328827,0.0624307,-3.5,0,0.886292,-0.335716,0.319032
-0.368375,4.379,36.2539,0.573898,0.010287,-4.5,0,-0.444271,-0.766725,-0.463418
9.16263,17.467,10.8752,0.00783996,0,-1.6,0,0.63202,-0.614052,-0.472748
19.283,-13.8555,30.4435,-0.542572,-0.376493,1.51635,0,0.413667,-0.904151,0.106729
16.2345,19.9026,29.2509,-0.351584,0,-3.5,0,0.395254,0.864522,0.310444
-25.6601,10.8639,25.0934,0.0324189,0,3.8,0,-0.763762,-0.625104,-0.160975
-2.4125,15.9408,3.59125,-0.257439,-0.347706,-3.5,0,0.569821,-0.00112229,0.821768
17.9901,1.86388,39.7895,-0.243217,-0.0239864,1.07163,0,0.946048,0.269144,0.180428
-6.641,8.1605,24.6005,-0.589562,-0.439483,3.8,0,0.0277449,-0.14624,0.98886
4.77325,8.0775,15.6854,0.440947,0,-3.5,0,-0.541632,-0.772134,-0.33233
3.69788,-11.0976,34.2581,-0.069962,-0.32429,-3.5,0,-0.919735,0.122549,-0.372921
7.5145,-9.5205,28.9587,0.417018,0,-3.9,0,-0.0412888,0.459255,-0.887344
-21.137,21.473,27.825,0.328855,0,-3.9,0,0.915649,0.345453,-0.205548
-2.15925,7.89362,35.8503,0.497676,0,-4.5,0,-0.51848,0.42896,-0.73971
35.4641,1.58613,16.3503,0.941906,0,-3.9,0,-0.665234,0.744214,-0.0600771
-24.5506,21.6541,33.9405,-0.0556716,0,-3.5,0,-0.637611,0.763848,0.0999441
5.75537,19.7162,9.50113,0.411348,0,-1.6,0,-0.420296,0.160397,-0.893098
24.5105,4.19175,26.9895,1.09885,0.0974132,-2.5076,0,-0.329901,0.930623,-0.158451
20.2598,6.37663,41.4535,0.243972,0,-3.5,0,0.60713,-0.0076712,0.794565
2.13,-9.244,37.595,-0.671701,-0.739279,-3.5,0,-0.421542,-0.714088,-0.55891
28.2165,0.516,10.2845,-0.423625,0,1.83087,0,0.533761,0.667899,-0.518661
12.7884,-16.1478,32.4611,0.13978,0,-3.9,0,0.4759,-0.871049,0.121625
5.96812,5.10775,54.8914,-0.0101126,0,4.5,0,-0.380725,0.716015,0.585125
17.5749,-10.5938,48.2935,-0.739526,0,1.06042,0,0.898578,0.121868,0.421551
24.5721,-8.28763,24.8565,0.302714,0,-1.6,0,0.960906,-0.0378156,-0.274282
14.6661,-8.115,54.5024,0.268151,0,-3.5,0,0.62731,-0.0566643,0.776705
3.19075,-2.17425,7.01113,0.380842,0,-0.4,0,0.452304,-0.882046,0.131971
7.20475,-15.2355,33.794,2.13399,0.623931,-3.9,0,-0.735605,-0.6243,0.262933
1.75287,8.717,2.936,0.143736,0,3.77046,0,0.940867,0.10993,-0.320445
-4.19325,-10.2925,49.7188,0.3523,0,-1.70074,0,-0.870031,-0.492425,-0.0237243
3.99712,-13.4873,38.7316,2.78337,0,-3.9,0,-0.34335,-0.614,-0.710714
-20.2514,7.02075,6.26375,-0.0908452,0,-3.5,0,0.22879,0.842775,-0.487222
-5.896,-9.17075,51.21,0.11054,0,-0.4,0,-0.580061,-0.811306,0.0728779
-3.809,22.2995,5.88525,3.91793,0.43255,4.2,0,-0.524736,0.697633,0.487812
4.0985,7.75975,48.4644,-0.0803373,0,-3.39309,0,0.0459316,0.201439,0.978424
9.04412,16.6935,22.4307,0.00962727,0,3.8,0,0.648954,0.714105,-0.262514
11.5454,-4.36275,20.762,0.440249,0,-4.5,0,-0.714696,0.638955,-0.284512
-17.9958,6.3475,37.7168,0.156147,-0.136632,1.53001,0,0.665639,-0.60472,-0.437308
-19.3721,2.99412,11.5778,0.129073,0,1.9,0,-0.694302,-0.680042,0.235558
3.34775,-8.55912,48.0059,0.0213236,0,3.8,0,0.0613399,-0.989307,-0.13232
-14.0483,11.6995,39.1512,0.124505,0,3.8,0,0.925555,0.369432,0.0828804
-26.69,15.954,37.612,0.266145,0,-3.68391,0,0.306624,0.223456,0.925229
-2.01213,-4.52238,5.0755,0.145845,0,-3.5,0,0.343319,-0.386787,0.855878
-17.3914,0.547625,26.0604,0.805556,0,-0.4,0,0.0865338,-0.868763,0.487609
19.7739,7.70563,34.4412,0.321586,0,-3.23436,0,0.828599,0.479314,0.289278
-11.2639,13.1686,27.2081,0.855884,0.253157,-0.7,0,0.111145,0.831306,0.544588
-0.8115,18.7031,7.39575,0.179961,0,1.54232,0,0.920954,0.0693444,-0.383451
2.07725,14.1135,46.5665,-0.215462,-0.441233,-1.20739,0,-0.880702,-0.0715511,0.468236
3.292,-1.82,5.4265,0.378432,0,-0.4,0,0.489501,-0.842222,-0.225943
-1.109,8.03475,10.7343,-0.425171,0,-1.6,0,0.748059,-0.37767,0.545687
25.5088,1.8655,21.4791,0.700107,0,-3.9,0,-0.566539,-0.0482426,-0.822622
3.45312,10.0355,15.0885,0.670238,0,-3.5,0,-0.933664,-0.322311,-0.156165
-2.159,12.586,39.6025,0.347889,0,-3.5,0,-0.766352,-0.544447,0.341001
0.25975,6.44737,34.6149,0.362838,0,-4.5,0,-0.547289,-0.712933,-0.438407
7.04537,-3.67587,29.4516,-0.0972373,0,2.30364,0,0.174651,-0.98397,-0.0360498
2.17375,11.2259,12.7679,-1.27695,-0.0218907,-1.69362,0,-0.347106,-0.818388,0.457995
10.0229,-11.3918,37.2374,-0.997752,0,-3.5,0,-0.888641,-0.32392,0.324644
4.31075,19.69,16.6877,-0.742752,-0.427609,-1.00821,0,-0.534116,0.213611,0.817979
16.2556,17.2439,33.6883,0.249942,0,-3.9,0,0.00481314,0.994625,-0.103432
-4.92,16.1857,-2.2445,4.6335,0,-1.6,0,0.135241,-0.184682,-0.973449
0.24625,21.7281,43.9969,-0.0690647,0,-3.5,0,0.365036,0.45872,0.810139
-25.7458,16.62,27.2743,0.226693,0,-3.5,0,-0.0572089,-0.00187626,-0.99836
6.7915,-3.97175,30.546,0.237244,0,1.8,0,0.194716,-0.798659,-0.569412
-15.072,12.214,8.18475,0.568204,0.377971,-0.328413,0,-0.391902,-0.0525241,-0.918506
-1.78475,8.7915,32.4938,1.32676,0,-3.9,0,-0.834178,0.195687,0.51561
15.3966,10.4522,27.1474,0.219645,0,-4.5,0,0.961029,0.0947221,-0.259712
-2.7095,-1.72606,53.5231,-0.279728,0,-0.9,1,-0.941701,0.312093,0.125688
28.2887,-3.87625,14.326,-0.473883,0,-0.526614,0,0.65809,-0.74047,-0.136458
8.05725,8.68125,16.2505,0.108231,0,-2.73632,0,0.752635,0.652772,-0.0861902
3.04675,-7.78337,52.09,-0.28413,0,0.555821,0,-0.360209,-0.887889,0.286187
-9.547,0.487,7.9145,0.181888,0,-1.3,0,-0.972771,-0.183908,-0.141045
7.53662,6.29163,26.187,1.29824,0.52943,-3.9,0,0.803836,-0.375447,-0.461397
5.86037,14.2896,48.8952,0.425464,0,-1.6,0,0.340145,-0.366378,0.866065
-9.474,8.61925,-0.669,-0.978849,0,-3.5,0,-0.260735,-0.788662,-0.556802
-2.206,18.3145,15.2986,-0.207482,0,-1.3,0,0.339457,0.940495,0.0154041
2.45863,18.1462,10.9602,-0.944663,-0.0518391,3.05344,0,-0.057173,0.46902,-0.881335
16.8573,-13.0708,48.8026,0.305008,0,-3.69372,0,0.255779,-0.206413,0.944442
0.453,4.346,21.264,-0.767008,-0.305372,3.05909,0,0.471185,-0.835168,-0.283688
1.51437,7.87138,1.14587,-0.694712,0,4.5,0,0.962022,0.262419,-0.0751666
21.8717,-4.281,43.912,0.615615,0,-3.9,0,0.731027,0.0641933,0.679322
19.9988,5.017,47.5904,0.189784,0,4.2,0,0.855403,0.502866,0.12414
-22.8811,7.05863,32.4919,0.16623,0,-2.08275,0,-0.998904,-0.0315746,-0.034551
8.7105,10.9701,46.6631,-0.193736,0,-3.5,0,0.446662,0.636842,0.628431
5.865,-10.0745,49.846,-0.0638157,0,-1.6,0,-0.570841,-0.697214,0.433629
-4.04875,6.91838,36.584,1.23158,0,-4.5,0,-0.607588,0.259242,-0.750753
6.6685,17.928,32.1507,0.357346,0,-3.9,0,0.846187,0.149942,-0.511355
10.3224,18.552,13.7311,0.296297,0,-3.5,0,0.762497,0.334011,-0.554108
-0.94125,5.142,-1.60475,-0.139025,0,-1.2722,0,-0.253839,0.640693,-0.724623
4.043,5.999,2.21125,0.0884004,0,2.8,0,0.75348,0.162828,-0.636989
5.98675,-13.7718,32.4967,3.1249,0,-3.9,0,-0.4173,-0.897957,0.139762
3.9325,17.3856,20.4114,-0.212455,0,1.53547,0,0.194748,0.976563,-0.0916424
-16.4535,13.5581,30.1667,-0.375232,-0.147296,3.43701,0,0.439508,-0.120083,0.890176
35.254,3.65375,11.9006,0.149976,0,-1.6,0,0.620661,0.784011,-0.0102645
5.3475,2.4165,43.6717,-0.0681956,-0.111416,2.07777,0,-0.967058,0.0880846,-0.238829
15.7171,6.94537,46.9074,0.37479,0,4.2,0,-0.199908,0.979611,0.0199934
-2.74113,19.2332,33.5838,-0.354442,0,-0.7,0,-0.108546,0.97055,-0.215059
9.01675,15.9635,31.2096,-0.293071,0,-3.5,0,-0.375782,0.917096,-0.133127
9.256,7.8935,54.151,0.570722,0.431423,-3.5,0,-0.668085,0.573554,-0.474024
-11.3245,22.9424,19.8143,0.460394,0.14288,-3.5,0,-0.18319,0.921285,0.343039
-12.2712,18.7746,8.86088,0.024679,-0.380868,4.2,0,-0.676178,0.684315,-0.272939
11.6195,9.467,57.4985,0.0279094,-0.6366,-2.64172,0,0.202856,0.229087,0.952034
3.80962,17.5294,19.4216,-0.156885,0,-1.3,0,0.0788136,0.979436,0.185727
-18.0898,14.5845,20.5766,-0.503865,0,-3.5,0,-0.969653,-0.153454,-0.190327
-2.26,6.8895,12.1345,0.314593,0,3.59277,0,0.887019,0.355123,0.295104
-5.37138,-4.43425,46.3219,0.344865,0,-0.4,0,-0.878837,-0.415761,-0.234069
11.094,-6.5185,27.848,0.00222251,-0.0217709,-0.4,0,-0.477028,-0.302164,-0.825313
-21.529,-0.4,32.2481,0.0830537,0,4.2,0,-0.504615,-0.860287,0.0725929
8.5695,11.28,16.4778,-0.734681,-0.107767,-2.4211,0,0.392136,-0.823909,-0.409149
10.2066,0.57375,29.9603,0.0967966,-0.0518164,3.8,0,0.271663,0.640656,-0.718164
33.4955,-0.33925,27.7612,-0.140724,0,-3.5,0,0.64209,0.720109,0.262991
6.116,19.3272,42.2178,-0.51094,-0.0107071,-3.5,0,0.406316,0.730282,0.549177
-13.7906,8.57362,40.8735,0.162177,0,3.8,0,0.691598,-0.370209,0.620192
-2.6165,4.8415,36.936,0.952855,0,-4.5,0,-0.183959,-0.893452,-0.409759
-15.6155,2.2295,6.2155,0.00832464,0,-3.5,0,0.929757,-0.244463,0.275299
0.392875,2.84,24.3824,-1.26682,-0.613933,-3.5,0,0.22412,-0.320941,-0.9202
13.889,14.3518,35.8941,-1.42086,0,-3.6993,0,-0.0958869,0.449362,0.888189
-8.946,22.05,18.512,0.239888,0,-3.5,0,0.248003,0.951964,-0.179607
-4.83575,12.2907,37.1307,-0.417943,-0.042496,-0.8,0,-0.492143,-0.86808,0.0650573
-16.1006,1.945,2.74738,-1.36644,-0.0143999,-3.5,0,0.616603,-0.36245,-0.698878
-22.131,4.16025,23.0802,0.159316,0,4.2,0,-0.84267,0.412639,-0.345885
8.34775,4.73875,16.6665,0.691536,0,-4.5,1,0.584883,-0.804577,0.102797
-6.04,16.2967,9.95362,1.55907,0,4.2,0,0.544549,0.680434,0.490384
10.7863,-0.305,25.8105,0.505749,0.0986978,1.30368,0,0.174112,0.896211,0.408034
2.21937,17.0841,17.2248,-0.867368,-0.113012,1.14916,0,-0.405923,0.864887,0.295291
-23.0912,11.14,22.1607,-0.785442,0,-3.5,0,-0.790633,0.546245,-0.276616
-6.3965,-7.32513,3.1655,-1.9837,-0.570164,-3.5,0,-0.721306,-0.665991,0.190192
22.863,4.50019,31.1883,0.387114,0,2.8,0,0.220524,0.922942,0.315512
8.4315,0.6445,29.4853,0.272347,0,0.305534,0,0.384099,0.780488,-0.493261
-6.559,5.528,30.582,0.243075,0,-1.3,0,0.639993,0.665478,-0.384121
-4.4455,15.7884,11.0214,1.2905,0,0.825489,0,-0.350706,0.922168,-0.16313
-0.86425,-3.1015,43.7632,0.0814327,0,-1.42869,0,-0.927817,-0.0910828,-0.361745
-5.9435,-8.59612,52.3911,0.0768755,0,-0.4,0,-0.735203,-0.383569,0.558883
-5.708,21.491,28.2547,-0.952071,-0.223964,-3.5,0,-0.659962,0.122485,0.741247
-4.54725,17.7515,30.4627,0.48732,0.218578,-4.5,0,-0.12866,0.852632,0.506424
9.11725,-4.1215,25.8323,-0.334716,-0.0777582,-1.3,0,-0.673558,-0.721953,-0.158442
2.79638,3.97412,9.924,0.579882,0,-1.6,0,0.926681,-0.0169105,0.375467
12.4251,10.8958,23.8484,-0.0758781,0,-0.776033,0,0.770348,-0.633377,0.0734707
-21.1343,2.69875,36.977,-0.327389,-0.385937,-0.8,1,0.271727,-0.961447,-0.0422311
-21.4475,10.624,10.5845,-0.137659,0,-3.5,0,-0.242709,0.384532,-0.890633
-20.8778,9.292,45.7513,-0.211696,0,1.9,1,0.458508,-0.325837,0.826802
1.11925,7.6845,-0.84825,-0.712243,-0.0779479,4.5,0,0.40613,0.542063,-0.735681
1.68862,21.0255,29.6724,-0.429827,0,-3.5,0,0.895081,0.331426,0.298305
1.86263,6.00037,21.941,0.221677,-0.175698,2.66115,0,0.774625,-0.590803,0.225627
-0.8945,7.47925,-0.8155,-0.432063,-0.0937745,4.5,0,-0.0563653,0.0688451,-0.996034
-5.67013,0.873875,25.8256,0.0698098,-0.219514,3.65488,0,-0.116091,-0.979573,0.164195
3.66188,2.76437,8.26025,-0.602181,-0.175408,-0.4,1,0.880373,0.316546,0.353189
2.08812,16.8155,46.9295,0.136014,0,-1.6,0,-0.651487,0.71483,0.25413
-16.7786,15.3949,12.6186,0.708798,0.348128,0.705439,0,-0.511817,0.851011,0.117573
7.244,-11.1307,41.2508,0.333486,0,-0.414142,0,0.493412,-0.798373,0.345173
28.8041,-5.30525,15.978,-1.72512,-0.0404551,-3.5,0,0.407161,-0.505594,-0.760654
8.58875,-10.8885,48.1748,0.102968,0,-1.6,0,0.0179148,-0.864593,-0.502154
-2.78025,20.697,42.4896,-0.189023,0,-3.5,0,-0.961021,0.18761,0.203078
13.8721,-5.59288,50.2324,0.401787,0,-4.5,0,0.984683,0.157806,-0.0741379
-1.05856,14.7358,4.41262,0.130667,0,4.5,0,0.376822,0.787317,0.487994
11.4443,-6.42438,54.8111,-1.31201,-0.135528,-3.5,0,-0.324353,-0.246659,0.913211
-1.47063,25.7127,3.11425,1.13127,0,-0.8,0,0.287655,0.907351,-0.306542
-27.8121,20.0139,45.0788,0.301226,0,-1.6,0,-0.293977,0.913917,0.279882
-1.32075,8.92762,36.3785,0.349424,0,-4.5,0,-0.586289,0.527326,-0.614974
0.983,17.4236,19.617,-0.321106,0,4.2,0,0.00741258,0.733466,-0.679686
-24.7435,9.719,46.864,0.941125,0.850845,1.8,1,0.269211,-0.051307,0.961714
-4.40875,-3.93025,52.5243,-0.246099,-0.425101,-0.676516,1,-0.511471,0.645589,0.567108
-18.8717,5.24175,41.9808,0.166396,0,-0.7,1,0.129318,-0.252229,0.958988
36.542,0.55,11.132,-0.239055,0,-1.6,0,0.716013,0.318391,-0.621251
7.19212,14.1945,37.8306,-0.241321,0,2.4003,0,0.266085,0.801027,0.536242
-19.5202,15.149,34.8968,0.783499,0,-3.9,0,0.476593,-0.476669,0.738678
-6.31,0.293,19.403,0.0220941,-0,3.8,0,0.518784,-0.804293,0.289787
30.8675,-1.7285,16.8605,0.503827,0,-3.5,0,0.843259,0.527377,0.103867
-2.46325,1.65425,17.8078,0.284404,0,-1.3,0,0.852627,0.0721314,0.517518
-2.95112,17.6129,-2.19138,3.81626,0,-2.62151,0,-0.429608,0.342497,-0.835543
-3.59188,20.3839,18.0056,-0.693067,-0.00564021,-2.22121,0,0.755501,0.600954,-0.260906
31.9688,2.16475,10.342,0.0783556,0,-1.6,1,-0.331625,-0.166061,-0.928681
4.35375,-13.3468,41.672,1.58058,0,-3.9,0,-0.113249,-0.782214,0.61263
-4.98612,19.1216,1.01925,0.0935066,-0.347852,0.740954,0,-0.840607,0.538245,-0.0606012
-2.6245,21.2845,22.6565,-1.04735,-0.0758942,-3.67399,0,0.463887,-0.47505,-0.747754
-19.1661,11.9878,45.2313,-0.393335,0,1.9,0,0.963201,0.117488,0.241747
8.949,1.927,22.6595,0.250764,0,-1.3,0,-0.0526448,0.998229,-0.0276879
9.653,4.2935,59.6463,3.52432,0.0450326,-3.1553,0,0.367278,-0.431085,0.82418
30.8577,-1.71175,17.9055,0.436363,0,-3.5,0,0.77985,0.531898,-0.330027
-4.698,-2.9855,50.7715,-0.092216,0,-0.9,1,-0.717801,0.455003,0.527005
12.4385,-10.3445,29.215,0.746587,0,-0.4,0,-0.364,-0.762758,-0.534512
24.762,0.67375,13.1496,-0.235808,0,1.9,0,-0.726609,0.649624,0.223669
-13.4325,6.08813,-0.902125,0.0795991,0,-3.5,0,-0.031619,-0.377579,-0.925437
-20.8454,13.0515,42.6691,-0.309328,0,1.9,0,0.844494,0.535174,-0.0204516
-2.56925,21.8993,42.884,-0.214566,0,-3.5,0,-0.821571,0.408903,0.397264
9.80138,19.6493,11.27,0.134237,0,-1.6,0,0.898943,0.272736,-0.342807
-12.501,18.3465,7.271,-1.29234,-0.0923746,4.2,0,-0.297492,0.862604,-0.409161
18.2327,-1.53587,14.954,0.25169,0,2.45093,1,-0.98513,-0.171799,0.0021758
-14.4834,8.51294,-0.1195,0.28732,0,-3.5,0,-0.534623,0.45337,-0.713186
-26.921,20.2062,38.5518,-0.000916763,-0.40363,-3.9,0,0.750232,0.198349,0.630722
12.1289,11.4684,39.6782,-0.444075,-0.110663,-1.3,0,-0.233407,0.936953,0.260079
-0.056125,24.7334,31.9172,-0.673778,0,-3.5,0,0.362755,0.64391,0.673638
-3.645,1.051,50.0405,0.280691,0,2.8,1,-0.936648,0.34851,-0.0350911
14.6503,8.47338,55.6174,0.992183,-0.213425,1.52433,0,0.675699,-0.422547,0.604057
-9.7175,11.2941,-1.50125,-0.597073,-0.0270758,-3.5,0,-0.763312,0.449192,-0.464307
-22.8805,3.8665,6.6325,-0.169944,-0.397038,-3.9,0,-0.355777,-0.904713,-0.234344
38.0739,-0.695,17.3374,-1.19192,0,-3.5,0,0.800391,0.0548128,0.596967
-16.9105,-2.12925,15.3403,-1.41137,-0.841234,-3.5,0,-0.691634,-0.229361,-0.684862
-11.7126,17.0828,17.9809,-0.040287,0,-3.5,0,-0.971034,-0.134523,-0.197473
22.831,-11.241,35.158,0.558685,0.642419,-3.5,0,-0.212038,-0.778764,-0.590395
8.94487,-16.9529,32.0346,1.33314,0,-3.9,0,-0.267412,-0.92477,-0.270724
24.1924,-3.0295,33.9701,0.16671,0.154219,-1.19534,0,0.436401,0.0722059,0.89685
2.6155,20.1485,42.5385,0.481641,0.2989,-3.5,0,0.428596,0.79214,0.434534
32.4939,-5.6305,23.8874,0.547906,0,-3.9,0,-0.0105595,-0.493738,0.869546
10.7304,-16.2526,33.4193,1.07892,0,-3.9,0,0.456069,-0.692641,0.558794
20.5829,-5.22837,12.0166,0.760744,0.254581,1.37676,1,-0.559218,0.0904779,-0.824069
-12.904,2.34775,35.568,0.0604211,0,-4.5,1,0.829698,0.311162,0.463443
11.4326,6.02675,58.906,0.42837,-0.0463293,-3.02706,0,0.64807,0.100687,0.754895
17.9056,-3.8645,46.925,0.537999,0.418545,-2.97328,0,0.247686,-0.458165,0.853661
5.16075,3.4385,4.20425,0.0997518,0,2.8,1,0.928064,-0.356209,-0.108688
31.9586,3.61488,33.5951,2.4947,0.171021,-3.9,0,0.278694,0.620115,0.73334
12.5042,-13.965,29.6467,0.102253,0,-3.9,0,-0.0434519,-0.3191,-0.946725
28.712,-2.875,31.725,-1.05657,-0.214968,-0.7,0,0.887376,-0.220415,0.404945
33.656,-3.941,24.8365,-0.0317939,0,-3.63484,0,0.722472,-0.67075,0.167716
-21.5075,6.82062,14.3682,0.468518,0.014129,-2.56453,0,-0.985485,-0.0498028,0.162291
-1.93887,8.89675,40.1159,0.121294,0,-2.75341,0,-0.160746,0.948377,0.273391
-1.6135,11.924,36.056,0.219603,-0.103831,-0.302857,0,-0.288581,-0.933746,-0.211753
19.3334,-7.40656,16.2216,-0.261308,0,-0.8,1,-0.946468,-0.279367,-0.161717
18.4956,-3.00475,47.8381,0.207612,0,4.2,0,-0.11383,-0.743584,0.658883
-21.114,20.0329,25.7129,0.993076,0,-3.9,0,0.846388,0.511034,0.149909
11.261,20.6075,16.9025,0.901984,0.2938,-3.5,0,0.106548,0.988096,-0.110963
-0.983,1.27237,45.2999,0.418094,0,0.846107,1,-0.886545,0.354393,-0.297394
7.4205,6.90656,58.4931,0.474214,0,-3.5,0,-0.907523,0.199016,0.369858
28.1915,-4.705,22.4885,0.191092,0,4.2,0,0.296347,-0.928981,-0.221751
-20.6715,8.0775,43.7632,0.264744,0,1.9,1,0.884078,-0.398734,0.243757
27.0597,-7.57062,28.8614,0.0955432,0,3.8,0,0.1476,-0.975686,-0.162019
-8.81975,6.44075,26.798,1.20796,0.864692,3.8,0,0.404298,0.875743,0.263852
-5.03837,-3.92913,51.5681,0.0027911,0,-0.9,1,-0.829752,0.507489,0.232307
15.4934,5.96,44.4313,0.494921,0,4.2,0,-0.255727,0.950197,-0.178128
-19.5025,13.8651,34.15,0.333276,0.0838648,-3.8335,0,0.85237,-0.326,0.408887
37.1285,2.84488,15.4609,-0.363527,0,-3.5,0,-0.193781,0.965614,0.173316
18.527,2.776,38.4813,-0.797326,0,4.2,0,0.827931,-0.031658,0.559936
15.3719,19.5256,21.0457,-1.61595,-0.00833252,-3.5,0,-0.316823,0.0964641,0.943567
27.658,4.129,28.1815,0.0207215,-0.182215,-3.9,0,-0.0630699,0.752803,0.655217
-2.321,12.9391,-3.85313,0.404773,0,-3.9,0,0.135673,0.0289109,-0.990332
24.038,0.1135,14.8392,-0.109753,0,-3.5,0,-0.572428,0.575937,-0.58363
30.4845,-4.42525,12.0005,0.44536,0.358733,2.13069,0,0.43015,-0.850186,0.30357
19.4508,2.64425,44.4445,0.620281,0.00148153,4.2,0,0.924583,0.185176,-0.332951
30.8213,-2.3355,9.361,0.412574,0,1.8,0,0.675759,0.504757,-0.537188
15.9725,9.29025,55.6731,4.2486,0,-0.8,0,0.534697,-0.823816,0.188219
-25.5548,13.1222,28.045,0.274776,0,-0.952318,0,-0.830049,-0.54681,-0.10962
-6.01575,6.78875,-1.05325,-0.078501,0,-1.6,0,-0.288989,0.140494,-0.946967
-19.6003,13.6155,32.8802,0.42505,0,-3.9,0,0.814245,-0.561119,0.148832
-8.6955,9.68875,24.8937,-0.274041,-0.859216,3.8,0,-0.288483,-0.603174,0.743612
14.4355,3.422,52.606,0.65411,0,-4.5,0,0.364707,0.0730004,0.928256
30.6225,-5.07113,21.5605,0.27057,0,-3.9,0,-0.793443,-0.598683,0.109669
13.1757,-5.55425,16.5986,0.421618,0,-4.5,1,-0.00969501,-0.187571,-0.982203
-22.9249,4.572,34.689,-0.275016,-0.58081,-0.171431,0,-0.903777,-0.392121,-0.171548
-29.8795,15.4475,44.149,-0.63437,-0.281272,2.1108,0,-0.770102,-0.637911,0.00365166
25.0619,1.72525,9.42412,0.182227,0,1.9,0,-0.326825,0.532403,-0.780854
19.945,1.545,44.232,0.306314,0.046897,4.2,0,0.750464,0.41041,-0.518042
-23.564,22.5877,34.29,-0.117895,0,-3.5,0,-0.438604,0.873468,0.211378
7.42812,-8.45487,51.786,-0.345108,0,-1.6,0,-0.301542,-0.546492,0.781293
7.15188,6.05788,57.2864,0.330598,0.00874676,-3.5,0,-0.997357,-0.0426027,-0.0588612
9.96225,-17.2472,32.6621,0.474404,0,-3.9,0,0.135872,-0.987497,0.0799245
-20.6261,12.7622,46.6015,0.357458,0,1.9,1,0.299299,0.248116,0.921335
9.4995,6.04875,52.9248,0.027458,0,-3.5,0,-0.459464,0.829115,-0.318529
-2.32825,-6.1845,5.01675,0.0459897,0,-3.5,0,0.654069,-0.511427,0.557348
-16.9821,10.6264,31.2151,0.0396258,0,-3.2,0,0.43884,0.730383,0.523411
7.06875,12.6925,7.26475,0.0789373,0,-3.9,0,0.0359084,0.474801,-0.87936
-10.2867,0.9605,3.71575,0.164787,0,-1.6,0,-0.286028,-0.883659,-0.370588
12.164,1.13388,30.7768,-0.653099,-0.431065,3.8,0,0.185537,-0.148772,-0.97131
-7.79675,16.9155,-0.6595,0.436255,0,-1.6,0,-0.970116,0.212178,-0.117709
15.9097,-15.1325,48.3172,-0.278842,0.11686,-3.58212,0,0.671744,-0.446672,0.590969
-2.3215,26.3717,21.2103,1.2895,0.234442,-3.9,0,0.899586,0.427909,-0.0874023
-18.4438,-2.78025,22.2945,0.0775864,0,-3.9,0,-0.390521,-0.363057,0.845981
17.2598,-4.92394,47.0418,1.11923,0.774898,-4.5,0,0.497497,-0.11448,0.859878
-18.2749,0.5555,2.8875,-1.3131,-0.413577,-3.5,0,0.0608841,-0.524463,-0.849254
-1.1435,3.226,16.8835,-0.497393,-0.578377,-1.3,0,0.685035,-0.676246,0.270959
-15.977,15.644,29.6451,-0.205067,-0.699882,2.8,0,0.689926,0.341408,0.638312
-3.6405,-5.802,41.9238,0.81322,0.619364,-0.7,0,-0.720539,0.373892,-0.583976
0.836,-3.14525,35.139,-1.30815,-0.174838,-3.5,0,-0.460777,0.85155,-0.250095
-27.3609,12.2541,36.171,-0.043725,0,-3.5,0,-0.467995,-0.855875,-0.220134
7.97913,-10.7517,39.0236,-0.132424,0,4.2,0,0.0320905,-0.952863,-0.3017
10.2625,7.24312,52.0515,0.134264,0,-2.15226,0,-0.805423,0.587242,0.0802568
-6.5865,9.86825,-3.44863,0.0122731,0,-3.5,0,0.0381022,-0.302133,-0.952504
11.1147,16.326,44.5395,-0.186977,0,-0.7,0,0.731735,0.540075,-0.415792
23.5865,-1.98725,34.14,0.202917,0,-3.5,0,0.514668,-0.129876,0.847496
21.9906,-13.273,27.5228,0.51298,-0.0973613,-0.8,0,0.0317865,-0.895197,0.444535
-2.3435,19.593,-0.8,-0.213193,0,-3.5,0,-0.602726,0.750196,-0.271896
23.3121,-13.0536,13.9301,0.429149,0,1.9,1,0.59002,-0.638187,0.494564
-0.10925,-2.13975,-0.03325,-0.157166,0,-0.4,0,-0.260046,0.0545949,-0.964051
3.268,-1.664,2.33075,0.16094,0,-0.4,1,0.900403,-0.388259,0.196288
-9.98075,7.99575,0.4175,-1.40414,-0.145181,-3.5,0,0.219153,-0.668925,-0.71029
12.1926,-9.25688,46.7122,0.229572,-0.159395,-2.94573,0,-0.462913,-0.85807,-0.222324
-4.70512,16.2224,31.885,0.171377,0,-4.5,0,-0.365773,0.0756832,0.927622
-17.5432,16.5969,22.7243,0.100971,-0.524342,0.523567,0,0.402797,0.867915,-0.290651
17.6973,17.4993,35.8363,0.121496,0,-3.9,0,0.514794,0.818895,-0.253768
-14.8092,20.1562,21.551,2.6118,0.0822803,-3.9,0,-0.714524,0.680499,-0.16241
-2.07212,0.526125,12.2419,-0.287373,0,-3.9,0,0.526245,-0.615034,0.587196
32.578,0.9325,18.6595,-0.743155,-0.0194521,-3.9,0,-0.519287,0.289499,-0.804072
-23.1952,4.21425,43.7482,0.225693,0,1.9,1,0.540334,-0.307888,0.783099
-14.9797,-1.25375,22.7153,0.309306,0,-3.9,0,-0.46252,-0.557388,0.689488
-4.70975,9.1495,27.183,-1.35973,-0.0525838,-3.5,0,-0.502348,-0.860627,0.0834727
6.6165,-8.9605,50.7235,-0.199101,-0.0627891,-1.6,0,-0.321753,-0.607403,0.726317
-17.9837,1.8195,10.3407,-0.234593,0,1.9,0,-0.504792,-0.86027,0.0715521
9.291,7.38137,26.905,0.0510065,0,-0.9,0,0.202833,-0.612166,-0.764271
-6.79675,18.6429,11.4701,0.363915,0,4.2,0,0.790296,0.467496,0.39608
-18.9321,-0.23375,3.679,-1.39031,0,-3.5,0,-0.139035,-0.965754,-0.219064
-8.6205,1.07537,31.9151,0.214162,0,-1.3,0,-0.271645,-0.859938,0.432107
-1.985,11.504,33.529,-0.0883488,-0,-0.8,0,-0.469931,-0.8827,0.00226368
11.1088,4.02925,28.7905,-0.747976,-0.658333,-3.5,0,-0.0620663,-0.927266,-0.369222
14.0735,-5.1395,49.072,1.1956,0.0633132,-3.78734,0,0.902789,-0.119464,0.413159
-24.6812,14.2895,24.7715,-0.327289,-0.103872,3.2155,0,-0.764373,0.466533,-0.445062
-20.9377,6.89225,17.7975,-0.37595,-0.277381,-2.44587,0,-0.431262,-0.678827,0.594312
0.14775,10.1302,34.2995,-0.301437,-0.00273422,3.8,0,-0.955637,-0.265614,0.127306
16.1515,4.606,29.9615,0.317093,0,3.8,0,0.80112,0.385262,-0.458018
3.50025,-13.702,40.9173,2.45382,0.0093262,-3.9,0,-0.343372,-0.813963,0.468572
1.30175,0.40725,9.0245,0.371506,0,-0.600897,0,0.335667,-0.320118,0.885919
15.1776,20.8766,16.0871,-0.1654,0,-3.5,0,0.306547,0.762665,-0.569536
22.1227,-11.133,23.3948,-0.266983,-0.258269,-1.19274,0,0.257941,-0.770029,-0.583543
15.6631,-13.8474,49.0462,-0.335749,0,-3.5,0,0.451396,-0.126238,0.883349
26.3967,-5.423,16.2663,0.209784,0.231563,-3.5,0,-0.121476,-0.969718,0.211873
-8.522,21.599,21.682,-0.204456,-0.663209,4.5,0,-0.893759,0.447349,0.032768
-20.3319,11.2913,41.4565,-0.128229,0,-2.76723,0,0.966079,0.155192,0.206417
-27.9919,13.0839,45.8024,-0.176799,-0.0125811,2.25644,0,-0.163473,0.393462,0.90469
-19.9384,3.72487,39.347,0.040749,0,-0.717076,1,0.594794,-0.80253,0.0465355
6.7385,21.0405,26.6502,1.9743,0,-3.9,0,-0.536884,0.417228,0.733264
10.1383,9.0805,24.9153,0.0945242,-0.405811,-0.820498,0,0.029073,-0.896941,-0.441194
12.0728,17.0672,34.3885,-1.4535,-0.0453388,-3.5,0,0.251161,0.905854,0.341097
-1.53225,0.38575,30.599,-1.30526,-0.252624,-3.5,0,-0.533369,-0.0692103,0.843046
0.994,12.7901,44.8939,-0.205996,-0.803301,-0.981164,0,-0.827974,0.0396403,0.559363
-16.1886,11.4298,36.9958,0.246804,0,3.8,0,0.312646,0.499761,-0.807769
0.893375,17.5729,39.0993,0.0381127,0,-3.5,0,0.458148,0.73523,-0.499536
34.797,-1.88,25.8905,-0.734639,-0.455648,-3.5,0,0.621898,0.384228,-0.682357
-2.746,15.692,41.056,0.427435,0.457245,-3.5,0,-0.729125,-0.389213,0.56293
-4.44125,-6.44325,53.7583,-0.989196,-0.251339,-0.4,1,-0.0921826,-0.194452,0.976571
-9.7425,1.397,7.23112,0.09634,0,-1.45295,0,-0.932968,-0.319413,0.165969
13.6476,-8.53325,55.1107,0.197307,0,-3.5,0,0.148558,-0.0830467,0.98541
20.6663,0.1285,43.7629,0.310367,0,4.2,0,0.748323,0.503633,-0.431701
-23.011,-0.497125,25.8676,0.0432539,0,-0.8,0,-0.464353,-0.809297,0.359743
5.02075,17.6535,18.6944,-0.596948,0,-1.3,0,-0.201577,0.820154,0.535457
11.42,15.2675,15.5483,-0.52885,0,-3.5,0,0.382679,-0.498875,-0.777612
32.1665,-2.542,18.9215,0.300419,0,-3.60037,0,0.229808,0.126894,-0.964928
21.35,0.18875,46.7445,0.181419,0,4.2,0,0.961672,0.218928,0.1651
-5.8055,5.39075,26.438,0.17441,-0.411485,1.71096,0,0.0746339,0.902449,0.424282
0.4385,-4.441,57.2135,0.156672,0,-0.9,0,0.226313,-0.243818,0.943046
11.3542,4.26356,59.2539,3.2487,0,-1.6,0,-0.0114133,0.1924,0.98125
-17.753,11.0695,34.6859,1.48233,0.624647,-3.2,0,0.3576,0.915085,-0.186392
16.0469,0.41775,52.2176,-0.215248,-0.109795,-4.5,0,0.186186,-0.195499,0.962868
-10.2615,5.72125,1.52075,-0.637955,-0.929731,-1.3,0,0.00745324,-0.22444,-0.974459
9.3835,9.79075,20.7582,0.14198,0,-0.8,0,-0.643275,-0.639034,0.421702
-3.965,11.5125,-3.065,0.286187,0,-3.71431,0,-0.373391,0.0280224,-0.927251
28.686,3.09375,31.0807,0.780758,0,-2.97695,0,-0.377199,0.918385,0.119536
34.5362,-3.02375,25.9028,-0.824517,0,-3.5,0,0.703476,-0.491947,-0.512942
-3.62525,18.5751,-1.39437,1.64968,0,-1.6,0,-0.181363,0.691038,-0.699696
-24.9386,7.4285,17.8656,0.305863,0,-3.5,0,-0.806903,-0.590586,0.0108128
-1.61012,25.3923,2.16112,0.955953,0,-0.8,0,0.241145,0.793726,-0.558434
-5.47463,-0.479375,23.6303,0.212299,0,1.8,0,-0.492898,-0.813119,0.30966
18.0975,3.593,49.373,0.0692195,0,4.06227,0,0.560033,0.285139,0.777856
23.4578,-4.42756,37.6786,0.362203,0,-3.5,0,0.683066,0.7004,0.207027
15.1439,11.3875,57.4245,1.64351,0,-0.8,0,0.176784,-0.0266117,0.98389
-0.397,22.8382,3.9425,1.0042,0,-0.8,0,0.957502,-0.0692532,0.279991
13.9067,15.258,21.9872,-1.27861,-0.0246741,-3.5,0,0.296394,0.693078,0.65711
23.4541,-11.6062,24.0993,-0.0114632,0,-0.8,0,0.464311,-0.338106,-0.818596
30.8975,6.6105,22.1257,-0.903661,0,-3.5,0,0.27819,0.945297,-0.170366
-24.3141,8.95862,11.7006,-1.98387,-0.328448,-3.5,0,-0.898425,0.00192345,-0.439124
-23.0357,7.68925,26.0912,0.273778,0,-1.6,0,-0.910322,0.0847045,-0.40514
-22.0776,21.4726,29.9524,0.157325,-0.265888,-3.9,0,0.378489,0.853168,0.358957
-12.3829,0.452375,32.9357,0.591736,0,-4.5,0,0.771325,-0.574075,-0.274764
-4.49913,18.2761,29.1012,0.145654,0.933795,-4.5,0,-0.165558,0.741055,0.650713
-8.4665,18.627,5.8085,1.09408,0,-4.5,0,-0.289903,0.827798,-0.48032
9.8085,-8.3,29.1637,-0.0849375,-0.330788,-2.28747,0,-0.469487,0.192838,-0.861624
17.4469,3.326,50.1824,0.345553,0,-4.5,0,0.683439,0.408395,0.605082
-16.2544,2.49062,35.0159,0.50008,0,-4.5,0,-0.803811,-0.130997,0.580282
-15.185,0.3105,35.6375,0.365082,0,-4.5,1,-0.679918,-0.72954,0.0740523
4.8365,20.3078,10.1046,0.389977,0,-1.6,0,-0.490828,0.326325,-0.807837
12.96,8.539,21.955,0.0473071,0,-0.8,0,0.168735,-0.902507,0.396246
-14.2239,12.8206,7.89325,0.0522047,0,4.2,0,-0.278011,-0.406532,-0.870311
25.522,3.00137,10.1073,0.141594,0,1.9,0,-0.189569,0.906376,-0.377553
25.5422,2.14725,31.9144,0.532926,-0.741508,-0.7,0,-0.0919019,0.954185,0.284756
-0.134125,17.6924,2.62925,0.692548,0.0265193,-3.5,0,0.839027,-0.0357708,0.542913
4.7655,0.58,5.1705,-0.522991,-0.51823,-0.9,1,0.999398,0.00789938,-0.0337823
22.246,-12.9695,11.683,0.279999,0,1.9,1,0.211894,-0.615053,-0.75948
12.2825,-15.5295,47.69,-0.678287,0,-3.5,0,-0.925781,-0.375202,-0.0463984
29.6472,-3.76525,15.8258,-0.725216,0,-0.870018,0,0.5795,-0.664908,-0.471251
-4.94925,6.251,40.768,0.187469,0,-4.5,1,-0.983543,-0.104152,0.147636
-21.9053,2.97813,8.3575,-1.58595,-0.157596,-3.9,0,-0.202444,-0.968297,0.14635
1.654,5.932,41.622,0.336118,0,-3.5,0,0.451363,-0.870148,-0.197773
16.5909,-5.95725,47.4352,0.773788,0.181112,-3.85267,0,0.551913,0.152983,0.819749
6.2645,5.9265,52.6725,0.00435865,0,4.5,0,-0.399647,0.916395,0.0223937
9.75,11.4835,42.8145,-0.149517,0,3.8,0,0.670087,0.57358,-0.471158
6.058,-0.21125,22.4548,0.675489,0.126166,-1.3,0,-0.88684,-0.214682,-0.409177
17.3085,-11.9715,33.62,0.603,0,4.2,0,0.187533,-0.730452,0.656712
17.6915,1.75612,14.1654,0.158603,0,3.8,0,-0.708017,0.276437,-0.649842
-8.8395,-1.81263,20.4579,-0.0220293,0,3.8,0,0.519244,-0.645486,0.560119
-1.9265,8.8965,-1.32675,-0.0182991,-0.0343411,0.455912,0,0.435787,-0.494404,-0.7521
5.658,-2.80925,26.6108,-0.344324,-0.335911,1.15679,0,-0.523874,-0.766342,-0.371854
15.3438,-5.894,53.7848,0.165176,0,-3.5,0,0.702469,0.42329,0.572156
-7.4705,2.08625,22.6192,0.20721,0,2.97351,0,-0.57904,-0.642872,0.501426
12.9646,-13.5675,44.8231,0.147338,0,-3.5,0,-0.765892,-0.429023,-0.478905
3.69475,5.16825,-0.2665,0.0703881,0,-0.9,0,0.960087,0.164362,-0.226314
-5.8465,4.57562,30.261,0.218766,0,-0.440593,0,0.633047,0.760826,-0.142811
35.1739,1.3015,22.0925,-1.27888,-0.505283,-3.9,0,0.734416,0.652673,0.186148
-21.2775,19.8586,27.3459,0.812618,0,-3.9,0,0.921498,0.364721,-0.13349
3.07231,-2.91506,1.52287,0.31407,-0.0221772,-0.4,1,0.876074,-0.414212,0.246824
6.92312,21.5064,14.4615,-1.64366,-0.408565,-1.6,0,0.0111514,0.996029,-0.0883335
30.5107,3.66488,20.5349,-1.59968,-0.0410389,-3.5,0,-0.373114,-0.305208,-0.876147
-1.12875,12.802,42.1856,-0.365281,-0.0394574,-3.5,0,-0.815162,-0.198564,0.544136
-2.23088,-3.90438,8.99788,0.148166,0,-0.7,0,-0.137273,-0.990451,0.0128047
14.509,-4.11912,49.3489,0.755558,0,-4.5,0,0.719056,-0.508137,0.474083
11.267,16.3773,20.604,-1.61337,-0.460106,-3.5,0,-0.04895,0.893174,0.447039
24.3962,3.77113,22.7869,1.27979,0,-3.9,0,-0.818152,0.436582,-0.374198
-22.635,3.77125,34.045,0.556421,0,2.81322,0,-0.980718,-0.108068,0.162829
18.6532,-14.0098,31.8144,-1.10244,-0.278428,4.2,0,0.35284,-0.768002,0.534487
-15.7087,17.406,28.0565,1.00302,0.0189621,2.8,0,0.620176,0.687549,0.377702
9.08375,-9.95425,47.4339,0.133748,0,-1.6,0,0.131405,-0.652308,-0.746477
0.0035,-5.369,41.834,-0.612769,-0.0181651,-3.84102,0,-0.508099,0.369184,-0.778164
-10.7735,3.55825,1.48075,0.14139,0,-1.6,0,-0.0217164,-0.309974,-0.950497
-15.6026,14.665,16.4384,-0.13737,-0.571892,-3.5,0,0.406499,0.784783,-0.46784
11.6365,-4.892,24.827,0.319956,0,-1.3,0,0.0196295,-0.99053,-0.135883
-23.515,1.898,38.4815,0.0334864,0,1.9,0,0.209298,-0.0334717,-0.977279
14.3968,12.4707,23.6423,-0.320962,0,-0.7,0,0.870196,-0.468961,0.151111
-25.527,9.21762,17.6644,0.571627,0.830035,-3.5,0,-0.963566,0.267062,-0.0147797
4.5375,1.1145,8.1455,-0.311773,-0.631957,-0.4,1,0.957922,0.212549,0.192895
1.196,22.193,25.2808,-1.27042,-0.0569261,-3.5,0,0.320218,0.943014,0.0904728
0.974125,22.2936,42.1367,-0.2565,0,-3.5,0,0.840421,0.378769,0.38759
-11.7369,10.9963,2.102,-0.0245993,0.63049,-3.76933,0,-0.345766,0.881453,-0.321693
-14.2041,19.6435,20.0502,2.6534,0.118254,-3.9,0,-0.632014,0.369278,-0.681316
1.21025,21.5518,22.8617,-2.1122,-0.824706,-3.5,0,0.152085,0.502625,-0.851022
-2.816,3.79037,40.3582,0.872128,0.465388,-4.5,0,0.231909,-0.96706,-0.104944
18.56,12.246,32.464,0.396869,0.304273,4.5,0,0.930731,0.296929,-0.213479
-30.0015,21.2138,39.9484,1.28968,0,-3.76269,0,-0.350328,0.925106,-0.146455
8.365,-14.091,30.5217,1.55471,0,-3.9,0,-0.0766387,-0.337663,-0.938142
23.1213,-9.982,40.4393,-0.903409,0,-3.5,0,0.0388351,-0.702674,-0.710451
14.0556,20.699,15.6519,-0.0443786,0,-3.5,0,-0.178068,0.800147,-0.572763
-14.5976,1.084,12.8616,-0.214366,0,4.2,0,-0.638264,-0.637563,-0.43143
-18.569,16.764,19.996,-0.977606,-0.313259,-3.5,0,-0.782007,0.622763,-0.0251261
-14.7201,8.67988,3.48275,0.434336,0.29422,-0.853075,0,-0.503908,0.804729,0.313829
-23.765,8.21925,23.5643,0.382773,0.0339832,-3.5,0,-0.969109,-0.159835,0.18783
34.9451,1.72075,14.9156,1.34427,0.698686,-3.5,0,-0.484284,0.582843,0.652506
1.339,4.93475,24.1607,-0.0657308,0,1.9,0,0.942583,-0.250862,-0.220465
-20.0502,7.44825,42.623,0.198331,0,-0.7,1,0.647858,-0.0650896,0.758975
12.8903,12.1552,27.4172,0.160568,0,-4.5,0,0.627445,0.778026,-0.0314367
-13.4296,4.7105,0.80625,0.250776,0,-3.5,0,-0.00464533,-0.774874,-0.632098
16.1585,-9.12925,21.7218,0.307658,0,4.2,1,-0.80296,-0.071675,0.591707
-27.7288,12.6375,34.5798,0.231114,0,-3.69603,0,0.119827,-0.988452,-0.0927549
3.2535,21.3165,16.4135,-0.205673,-0.408895,-0.7,0,-0.542842,-0.00946771,0.839781
4.835,19.3242,35.6323,2.06723,0,-3.9,0,-0.373159,0.39035,0.841653
-24.5672,9.073,34.782,-0.238422,0.390987,-3.2,0,-0.900455,-0.427723,-0.0789508
7.42325,13.608,8.43713,0.0457856,0,-3.9,0,0.0677214,0.921867,-0.381543
36.7514,-1.79437,12.8409,-0.328815,-0.731601,-1.6,0,0.483027,-0.844938,-0.229704
5.229,17.3415,10.7052,-0.432503,0,-1.20261,0,-0.35982,0.17111,-0.917197
-2.887,19.4377,37.0185,-1.64916,0,-3.5,0,0.211783,0.863737,-0.457281
31.3207,-7.09425,22.7318,2.00021,0.171349,-3.9,0,-0.836205,-0.160101,0.524528
22.5801,6.47775,36.2035,2.79707,0,-3.9,0,0.777125,0.557284,0.292424
-10.3435,-5.16625,22.6443,0.543871,0,-3.9,0,0.700788,-0.546366,0.458672
2.16825,2.2965,36.5938,0.432429,0,3.8,0,-0.942466,-0.13311,0.30666
-4.18013,-0.261,22.1096,0.111741,0,1.8,0,0.148456,-0.924824,-0.350231
8.87075,18.1793,19.8258,0.0265078,0,3.02371,0,0.524368,0.31128,0.792554
-28.1567,17.2461,39.9269,0.617534,0.00451453,-3.9,0,0.945093,0.120009,0.303968
30.8228,-3.87075,28.2292,0.443125,0.303539,-3.5,0,0.211266,-0.628007,0.748982
35.4128,-3.2425,28.5049,-1.55257,-0.0931079,-3.5,0,0.77117,-0.407334,0.48926
11.608,-11.059,48.7856,-1.45963,-0.0537812,-3.5,0,-0.501194,-0.806367,-0.313969
-24.5546,-0.309625,38.6041,0.526281,0,1.9,1,0.514689,-0.57968,-0.631717
27.1205,-4.653,20.0435,-0.106708,0.414687,-3.35,0,0.304333,-0.946163,0.110259
33.735,-0.77775,10.395,-0.335068,0,-1.05351,0,0.0317045,-0.220994,-0.97476
9.91,17.8986,12.9654,0.259804,-0.13124,-2.54436,0,0.833897,-0.236016,-0.498912
17.1874,21.2255,19.4276,-1.81352,-0.835437,-3.5,0,0.861213,0.391105,0.324576
-12.235,13.747,26.688,0.282182,0,1.19014,0,0.450787,0.674193,0.585025
-20.0382,18.3089,22.1817,0.849201,0.281977,-0.7,0,-0.152188,0.437929,-0.886035
14.2215,2.99975,56.808,0.370115,0,-1.6,0,0.933696,0.0108514,-0.357902
30.84,-0.1625,19.117,-0.000872567,-0.219355,-2.44075,0,0.204775,0.834764,-0.511113
-22.9156,-0.635375,24.6593,-0.0108033,0,-0.8,0,-0.588763,-0.776323,-0.225125
-5.89663,-7.43325,50.1797,0.566952,0,-0.4,1,-0.780885,0.171849,-0.600572
-12.798,3.7555,25.507,0.112611,0,1.8,0,-0.21097,-0.750126,0.62674
-7.222,-3.0055,14.473,0.286797,0,-3.5,0,0.0604015,-0.973312,0.221394
-2.24088,7.38363,13.4143,0.410493,0,1.08415,0,0.967281,-0.165805,-0.192033
-14.5144,0.228125,13.6241,-0.208924,0,4.2,0,-0.536617,-0.706664,-0.46116
0.739625,21.6435,13.3947,-0.0669099,0,-0.7,0,-0.978295,0.19326,0.0747619
-20.8644,15.8263,40.7366,0.212765,0,2.5,0,0.812507,0.561548,0.156513
-1.149,5.86462,41.353,0.550489,0.0162413,-3.70439,0,0.517568,-0.803581,-0.293907
-12.2428,5.20888,0.4715,0.0139402,0,-3.5,0,0.474508,-0.567948,-0.672515
-22.5795,6.6705,4.3825,0.67408,0,-3.9,0,0.078399,0.663794,-0.743795
12.1243,-9.81662,44.4319,0.30057,0,-1.3,0,-0.810102,-0.57555,0.1117
-9.27588,4.65938,32.8345,-0.100023,0,-1.3,1,-0.405915,0.0411305,0.912985
11.54,-0.59,26.5455,0.880841,0.026716,-1.13897,0,0.102687,0.97802,0.181473
-14.0849,9.57812,6.71775,0.745563,0,-4.5,0,-0.158727,0.692385,-0.703853
-2.67863,-2.595,15.587,0.349222,0,-3.5,0,0.694285,-0.671783,-0.258217
25.112,-8.08012,42.0513,-1.49916,-0.326519,-3.5,0,0.865517,0.348959,0.359316
0.82275,17.8655,-1.54025,0.50593,0,-3.5,0,0.935731,0.104983,-0.336728
-18.4165,0.481625,33.0736,0.218965,0,4.2,1,0.53313,-0.842906,0.0726793
1.6115,14.9598,45.65,-0.203906,0,-2.53832,0,-0.890767,-0.0122427,0.454295
-19.2367,14.3165,21.7805,0.138925,0.0374228,-3.2597,0,-0.435036,0.260742,-0.861834
3.13162,-8.6675,46.728,-0.0322751,0,-1.3,0,-0.144966,-0.883983,0.444475
0.5855,23.374,28.4265,-0.438646,0.0166325,-3.5,0,0.554852,0.385286,-0.737356
10.9707,-1.12962,57.7596,0.289814,0,-3.5,0,0.517494,0.0484186,0.854316
-10.6294,1.48137,31.376,0.298614,0,-1.3,0,-0.292403,-0.894928,0.337051
14.4561,-6.83612,19.0748,0.300432,0,-4.5,1,0.025183,-0.885681,-0.463611
-21.9071,22.2021,23.6343,2.89667,0.182348,-3.9,0,0.622777,0.399834,-0.672519
0.648562,0.308875,41.2789,0.436292,0,-1.6,0,-0.243392,0.411828,-0.878156
-9.13138,-1.91875,8.34713,0.485159,0.306996,-1.89171,0,-0.59355,-0.469452,-0.653692
4.911,3.606,38.9302,0.327687,0,4.18254,0,-0.780654,0.138176,0.609498
-1.86337,18.5184,14.0534,-0.236995,0,-3.5,0,-0.19185,0.965261,0.177381
13.7118,11.2312,37.526,-1.18558,-0.0936436,-1.5637,0,-0.629279,0.774238,0.0675528
-31.3083,14.9382,32,0.53125,0,-3.9,0,-0.66939,0.534789,-0.515673
-22.5742,12.7521,23.2334,-0.3211,0,-3.5,0,-0.572409,0.119487,-0.811215
-3.52662,4.13613,28.856,0.422439,0,-0.4,0,0.163162,0.448227,0.878903
-9.57575,-5.12288,19.5595,2.6349,0,-3.9,0,0.896067,-0.386978,0.217512
-3.1935,7.062,26.2812,0.226682,0,-1.52369,0,-0.914151,0.11964,0.387318
-1.4605,11.813,47.7079,0.57503,0,-3.9,0,0.366717,0.930149,0.0184532
21.0659,-9.09037,18.0836,0.858031,0.564489,-0.8,0,0.432312,-0.883143,-0.182109
21.2868,-0.812,44.2835,0.330675,0,4.2,0,0.956589,0.286738,-0.0521327
-4.68087,7.28188,37.7391,0.813642,0,-4.5,0,-0.911939,0.266295,-0.312178
-3.20225,-7.52763,47.7284,0.409097,0,-3.5,0,-0.83427,-0.21565,-0.507434
-20.1701,4.12288,17.2663,0.229294,0,-1.6,0,-0.781013,-0.623355,0.0380409
-3.97563,16.7857,39.8051,-0.686086,0,-3.5,0,-0.814436,-0.117342,0.568265
0.898875,10.4797,48.9212,0.0773562,0,-3.9,0,0.500391,0.636574,0.58684
16.284,-12.405,27.8769,-0.416504,-0.384424,-0.8,0,-0.835442,-0.384306,-0.392868
-11.847,2.636,28.4071,-0.387976,-0.609965,-1.3,0,-0.631014,-0.751696,-0.191767
7.10775,19.5375,19.4062,0.10899,0,-3.5,0,-0.451555,0.17184,0.875539
1.705,7.87275,17.5397,0.220074,-0.30546,-0.254135,0,-0.0993066,-0.307924,-0.946214
-12.0171,0.0165,23.899,0.0220065,0,-3.9,0,0.5571,-0.235537,0.796343
-3.91925,24.3643,29.5296,-0.039349,0,-3.5,0,-0.89208,0.419182,0.168758
-24.9214,6.75575,45.4995,-0.173051,-0.542406,1.9,1,-0.396596,-0.313742,0.862715
-2.48213,1.3425,-0.570875,0.182784,0.00155117,-1.24101,0,-0.681678,-0.729624,-0.054441
-10.7845,5.113,32.0415,0.172661,0,-1.3,1,-0.370442,0.32902,0.868631
20.0985,9.47,37.7025,0.12453,0,-3.5,0,0.330129,0.550051,-0.767111
13.6523,-10.6871,53.5376,0.118017,0,-3.5,0,0.242729,-0.865215,0.438732
10.6058,-9.73075,41.4349,0.0604525,0,4.2,0,0.0979451,-0.566705,0.818078
9.47462,11.913,6.97156,0.21242,0,-3.9,0,0.267927,0.177721,-0.946906
-1.4885,24.0037,39.026,-1.44045,-0.524873,-3.5,0,-0.240709,0.694337,-0.6782
-1.03225,17.3349,17.0275,-0.333294,0,0.811908,0,0.547128,0.830558,-0.104039
-21.7145,8.495,9.56588,0.227032,0.0706889,-1.70074,0,-0.322589,0.812676,-0.485278
24.5837,0.077625,19.693,-0.439041,-0.32633,-3.5,0,-0.02972,0.985537,0.166832
21.1004,-9.53563,13.8636,0.128924,0,1.9,0,-0.993536,-0.0445242,0.104422
-1.41813,-10.3121,46.6115,0.0574102,0,-3.5,0,-0.267409,-0.200664,-0.942458
32.882,-4.80475,28.6893,-1.32867,-0.71715,-3.5,0,-0.503524,-0.686629,0.524409
8.22975,14.3173,42.2127,-0.338328,0.175309,-0.77946,0,0.692879,0.0494548,-0.719356
6.02812,22.1973,25.2475,1.31842,0.85741,-3.9,0,-0.705741,0.706503,0.0527556
2.24388,9.52987,4.60388,0.128037,0,3.8,0,0.776153,0.458335,-0.433031
-6.32812,-6.81175,51.0635,0.33462,0,-0.4,1,-0.899646,0.321747,-0.295153
12.4235,-0.659625,54.0583,0.0508266,-0.331601,-1.03156,0,0.96575,0.176831,0.189891
6.457,-13.8709,33.4757,1.69693,0.608988,-3.9,0,-0.521907,-0.851151,0.0561601
-0.42375,17.2915,15.8685,-0.24565,0,3.8,0,0.00484206,0.915948,0.401268
17.6755,-11.7994,20.3966,0.10679,0,4.2,0,-0.0149763,-0.863808,-0.503599
-5.3795,2.67175,33.2012,-0.560067,-0.392215,-1.3,0,0.490441,-0.607291,0.625032
-4.4505,-5.12625,5.42475,-0.100164,0,-3.5,0,-0.299415,-0.297913,0.906421
7.77675,5.94575,52.2578,0.00634858,0,4.5,0,-0.0869997,0.994569,0.0571261
4.92788,4.48263,50.3488,0.0947678,0,4.5,0,-0.628067,0.714594,0.308038
23.2623,-8.08263,14.4474,-0.265471,-0.060578,0.873192,0,0.568603,-0.441096,0.694352
9.2715,7.179,60.1565,0.103989,-0.020102,-3.5,0,-0.277832,0.382803,0.881063
3.97225,2.07,5.72875,-0.108798,-0.380712,0.131577,1,0.931437,0.0095259,0.363777
-1.27887,19.7598,44.5563,-0.0572783,0,-3.5,0,-0.359744,0.112467,0.926248
-0.862,4.457,29.837,0.14753,0.00648102,-3.56302,0,-0.457132,-0.0586525,0.887463
1.8215,4.03825,13.0737,0.397319,0,-1.6,0,0.879021,0.0717565,0.471353
14.1597,0.34475,30.0063,0.619542,0.697749,3.90181,0,-0.921503,0.174786,-0.346816
-30.6658,15.9925,44.823,-1.3081,-0.282613,-1.6,0,-0.662345,-0.677993,0.318785
27.9679,-6.815,30.3715,0.0214758,0,3.8,0,0.568341,-0.594328,0.569002
-29.0775,16.1864,30.8894,0.0318246,0,-3.64802,0,-0.956379,0.0522741,-0.287415
-26.0643,5.02519,25.0603,-0.714909,-0.841428,-0.8,0,-0.00508766,0.373285,-0.927703
-1.979,24.171,6.107,-7.83588,0,-0.8,0,-0.195388,0.114744,0.97399
-2.227,9.87025,-2.48125,-0.316681,-0.133636,-3.84409,0,0.409244,-0.510354,-0.756346
-9.7585,19.1268,14.463,-0.584299,0,-1.30289,0,-0.155394,0.958884,-0.237475
24.2925,-4.7055,36.151,-1.26539,-0.341328,-3.5,0,0.777261,0.613631,0.139006
7.4115,21.278,11.7825,0.0507675,0,-1.6,0,0.289595,0.957019,-0.0157726
20.2344,-1.23525,23.7481,0.287553,0,0.404933,0,0.158129,0.986975,-0.029604
-3.86087,6.22725,43.0154,1.166,0.834473,-4.5,1,-0.518117,0.12063,0.84676
3.93663,10.0954,5.96775,-0.276616,-0.00240377,3.04588,0,0.497139,0.139082,-0.856451
-22.0292,-0.652,26.4508,0.57419,0.0748057,-0.8,0,-0.401017,-0.634647,0.660612
2.154,10.6125,6.2325,0.0594174,0,3.8,0,-0.0148429,0.772276,-0.635114
6.91075,-6.3385,53.7993,0.55163,0,-1.6,0,0.485976,-0.664994,0.567107
28.544,-3.76012,13.2894,-0.521683,-0.538034,1.98061,0,0.464807,-0.817652,0.339706
-27.2048,9.97575,47.5418,0.07002,0,1.8,1,0.0393532,-0.314697,0.948376
9.41313,20.6596,11.8112,0.0276367,0,-1.6,0,0.654656,0.745889,-0.122777
5.72213,-8.245,32.5096,0.182432,0,3.8,0,-0.749077,-0.180538,-0.637408
-17.0765,0.1815,5.08825,-0.475053,0,-3.5,0,0.435396,-0.899213,-0.0429826
16.915,0.9515,16.503,0.242377,0,3.8,0,-0.918335,0.0473015,0.392968
13.876,-0.569,29.3482,-0.380638,0.16604,3.21656,0,-0.740365,0.661276,0.120722
-4.312,2.3585,-2.295,0.0896883,0,-1.6,0,-0.252696,-0.677636,-0.690619
12.5819,-11.9489,47.8139,-0.288865,-0.160175,-3.5,0,-0.972873,0.0316717,-0.229162
7.8095,2.5195,60.2798,1.00497,0,-3.9,0,0.0348901,0.0536191,0.997952
-1.86419,10.0914,50.1222,0.191821,0,-3.9,0,-0.135109,0.105598,0.985188
22.36,-13.0525,42.4575,-0.0741381,0,-0.4,0,0.921097,-0.356756,-0.155901
16.0304,14.8335,21.3358,-2.20711,-0.742165,-3.5,0,0.871163,0.346435,0.347934
15.4688,5.41975,49.9045,1.49129,0,-4.5,0,0.707401,0.657658,0.258979
-5.04225,18.1435,3.2845,0.0106501,0,-0.0933409,0,-0.914332,0.169568,-0.367755
18.1195,1.3685,26.082,0.230811,0.0233906,-0.7,0,0.257092,0.642061,-0.722262
-0.2115,23.8885,4.12175,0.88884,0,-0.8,0,0.989505,-0.140653,0.0331076
9.20837,6.20075,51.6381,0.0244757,-0.0496346,-3.5,0,-0.373931,0.783495,0.496297
-5.163,0.5605,20.844,0.0480511,0,1.8,0,0.0337577,-0.975568,-0.217088
30.1127,4.617,25.2178,-0.195124,-0.0878941,-3.61676,0,0.29106,0.879618,0.376239
11.0548,7.0555,59.7535,-0.695736,-0.685504,-3.5,0,0.729308,-0.118003,0.673932
15.9172,10.1285,54.0998,8.98271,0.099966,0.348457,0,0.791068,-0.214221,-0.572993
2.46062,20.3512,25.1532,-0.940641,0,-3.5,0,0.97191,0.0126164,-0.235013
6.17088,13.8057,7.8215,-0.0457442,0,-3.9,0,0.229079,0.645066,-0.728981
-8.8715,20.3665,11.9382,0.171745,0,4.2,0,0.387574,0.853388,0.34859
-5.71138,-6.1155,1.628,-1.25204,-0.0383466,-3.5,0,-0.471273,0.231588,-0.85104
15.9579,6.33763,42.998,0.0436623,-0.840166,-2.8309,0,-0.373812,0.750038,0.545626
8.23875,17.4999,10.3958,0.0340087,0,-1.6,0,0.387411,-0.644083,-0.659598
-17.7878,17.0088,35.0865,1.4736,0,-3.9,0,0.819255,-0.137497,0.5567
-15.4087,3.14275,3.3985,-0.600826,-0.674657,-3.5,0,0.640327,-0.635681,-0.431151
3.38788,-6.71387,56.7174,0.0878447,0,-1.6,0,0.149225,-0.54594,0.824428
-14.9581,0.780125,36.652,0.61975,0,-4.5,1,-0.384218,-0.478958,0.789289
-19.3715,10.9572,40.126,0.297816,0,-3.5,0,0.467712,0.368877,0.803228
34.7706,-4.24263,16.638,0.235885,0,-0.4,0,-0.45123,-0.873688,0.181826
-24.6214,2.6145,39.069,0.412452,0,1.9,0,-0.133288,0.411479,-0.901621
-2.64263,20.3162,41.3397,-0.0393618,0,-3.5,0,-0.959159,0.282845,-0.00361029
7.49475,6.6665,25.0487,1.65855,0,-3.9,0,0.924786,-0.307514,-0.224068
34.56,-6.598,22.0925,1.74228,0,-3.9,0,0.9617,-0.260345,0.085758
0.29825,-5.24975,34.7002,-1.05589,-0.676677,-3.5,0,-0.690963,-0.34512,-0.635188
16.3757,-11.0005,39.1071,-0.131846,0,-0.692422,0,-0.409705,-0.870743,-0.271935
-18.9688,13.8294,12.8986,2.30851,0,-3.9,0,-0.616405,0.624519,-0.479605
24.1765,-4.33512,34.5916,-0.577295,-0.0338565,-3.5,0,0.794841,0.421432,0.436605
29.6625,5.42413,20.4969,-1.54724,-0.502343,-3.5,0,-0.619403,0.296801,-0.726807
22.6155,-1.15188,23.8072,0.398248,0,0.567948,0,-0.274839,0.929499,-0.245956
-27.4455,15.8594,46.0045,-0.055204,0,1.44963,0,0.0796324,-0.277653,0.957375
8.10588,18.8135,9.1135,0.0583653,0,-1.6,0,0.473315,-0.172682,-0.863802
31.4145,3.22975,10.8903,0.122941,0,-1.6,0,-0.736774,0.385475,-0.555493
-5.34487,20.4062,7.03825,0.523573,0,4.2,0,-0.469974,0.530275,0.705643
2.63925,-9.43863,44.5039,-0.141885,-0.307206,-1.2707,0,-0.364319,-0.886478,0.285357
-10.1261,15.5291,24.72,0.326861,0,3.36347,0,-0.734519,0.0539562,0.676439
-13.0133,14.6812,16.3153,-0.101474,0.809522,2.85715,0,-0.266877,0.96356,-0.0181429
21.9928,5.04812,33.1356,0.792307,0,-3.9,0,0.615079,0.511535,-0.600008
-0.7225,19.4718,6.70275,0.182031,0,4.2,0,0.964779,-0.217719,-0.147647
34.1362,0.38075,9.726,0.120666,0,-1.6,0,-0.0594636,-0.099694,-0.99324
-13.466,18.1555,10.703,0.879848,0.799494,4.2,0,-0.604521,0.793094,0.0745429
6.253,-4.04375,27.6059,-1.14819,-0.0982172,3.8,0,-0.35372,-0.887849,-0.29429
10.093,16.2852,43.7956,-0.978686,-0.104918,-0.7,0,0.651579,0.453664,-0.607976
-12.682,-6.46075,21.8787,0.699679,0,-3.9,0,-0.135372,-0.868047,0.477671
1.65,11.0599,16.1904,0.503366,0,4.5,0,0.0150574,-0.632787,-0.77418
-0.262875,7.81575,17.2122,0.412228,0,3.8,0,0.659,0.0972248,-0.745832
17.1146,-13.0472,25.9926,-0.633541,-0.449474,-0.8,0,-0.513327,-0.44771,-0.732155
-21.5823,5.95038,16.6733,0.143183,0,-1.6,0,-0.802851,-0.519427,0.29262
-13.981,8.174,30.174,-0.799396,-0.123165,-0.7,1,0.514303,0.17629,0.839294
3.08125,19.8732,40.2508,0.348353,0.690324,-3.5,0,-0.255606,0.590741,-0.765304
-4.463,5.12225,42.432,0.845708,0.0199352,-4.5,1,-0.760546,-0.312717,0.569015
13.434,10.6528,42.2827,-0.14006,-0.0249417,-1.3,0,0.200447,0.532405,0.822414
-25.982,2.463,42.3535,-0.23737,0,1.9,1,-0.815287,-0.181842,0.549764
11.4915,6.73625,46.448,1.04927,0,-3.5,0,0.980148,0.188506,0.0614367
-29.4576,19.1849,27.3389,-1.07403,-0.0414278,-3.5,0,-0.316843,0.647246,-0.693313
-6.18225,21.91,26.417,0.154911,0,4.5,0,-0.6711,0.639735,0.374652
24.0365,1.4715,9.822,-0.659183,0,1.9,0,-0.502874,0.602144,-0.620113
-13.6159,-6.0425,21.1814,0.971422,0,-3.9,0,-0.372188,-0.89985,0.227478
12.1149,16.9976,27.4876,-0.955246,-0.0274378,-0.847404,0,0.343166,-0.233945,-0.909674
23.792,1.823,23.682,0.526855,0,-3.9,0,-0.972276,-0.233776,-0.00528688
30.117,-5.117,25.5465,-0.873061,-0.867154,-3.5,0,0.0750216,-0.942808,0.324784
1.153,-7.395,36.443,0.368437,0.00910783,-3.5,0,-0.583338,-0.565018,-0.583499
24.1793,-10.7415,24.6165,0.0470752,0,-0.8,0,0.731963,-0.0217996,-0.680996
1.56463,3.19388,36.1343,0.70359,0.306741,-3.68048,0,-0.795055,-0.604499,0.0496787
1.51363,-2.95637,35.9244,0.101712,-0.0290622,-3.5,0,-0.540283,0.841201,0.0218029
13.508,-4.41425,16.8544,0.735871,0.0461646,-4.5,1,-0.0513515,0.675119,-0.73592
-5.32338,18.2059,-1.95487,2.8496,0,-1.6,0,0.0251013,0.689151,-0.724183
23.6318,-12.6195,24.7243,0.0899407,0,-0.8,0,0.264295,-0.513635,-0.816289
-8.6425,18.207,27.3385,0.146531,0,4.5,0,-0.368947,-0.117302,0.922019
8.47725,-8.326,29.6052,0.389623,0,-3.9,0,-0.139149,0.453258,-0.880452
-1.55025,18.5868,44.1497,-0.185703,0,-3.5,0,-0.349875,-0.199305,0.91535
-16.6446,7.97762,41.2337,0.0960707,0,3.17453,1,0.0722842,0.0515946,0.996049
4.88775,20.5171,35.3158,1.76686,0.0567568,-3.9,0,-0.529391,0.508686,0.678958
3.25725,2.96088,0.88875,-0.229455,0,-0.9,1,0.860392,-0.432775,-0.26913
-19.7051,4.65675,13.8399,0.315282,0,1.9,0,-0.673452,-0.737573,-0.0494837
-2.23744,-3.55444,54.6655,-0.497687,0,-0.9,1,-0.896024,-0.0868359,0.435432
-4.052,19.3323,28.3708,-0.387336,-0.161845,-3.77708,0,-0.355256,0.110407,0.928226
17.7124,0.33925,14.0864,0.186418,0,3.8,1,-0.662065,-0.135069,-0.737175
19.2469,-4.4525,16.2695,0.541269,0,-0.7,0,-0.943743,-0.112983,0.310781
-23.0894,4.02287,9.87938,-0.175674,-0.352711,-1.89587,0,-0.444987,-0.835598,0.322121
20.962,-12.028,25.3022,-0.185289,0,-0.8,1,-0.123045,-0.774477,-0.62052
-26.0487,14.1686,27.1826,0.780168,0.578978,-3.5,0,-0.788807,-0.258881,-0.557463
22.6,-4.08313,11.1696,0.486285,0,1.9,1,-0.795398,0.139044,-0.589923
11.4113,-15.6555,30.4573,0.302923,0,-3.9,0,0.314513,-0.737185,-0.598031
-30.4226,18.9804,28.1601,-1.62852,-0.851569,-3.5,0,-0.867949,0.440095,-0.230176
-2.82675,1.79225,49.5132,0.258942,0,2.8,1,-0.652335,0.73324,-0.191881
31.1504,-3.98487,10.9725,0.395561,0,2.5,0,0.692093,-0.721804,0.00255372
6.04075,17.1266,46.1346,-0.328883,-0.384554,-1.6,0,0.403084,0.82226,0.401761
-15.306,3.212,30.7925,0.683684,0,-4.5,1,0.237452,-0.863939,-0.444102
-0.352875,-5.83563,55.8816,0.428205,0.150578,-0.9,0,-0.299064,-0.470777,0.830018
-23.5917,6.9095,7.2855,0.67965,0,-2.5834,0,-0.803704,0.592695,-0.052653
-10.8427,9.9235,-0.03825,-1.2745,-0.347878,-3.5,0,-0.52285,0.467766,-0.712616
-11.7195,-4.77775,15.0177,-1.58115,-0.430168,-3.5,0,-0.767478,-0.42156,-0.482975
-4.6425,17.2173,9.081,1.59554,0.900633,-4.5,0,-0.215229,0.645706,0.732626
-15.1786,3.64875,6.08862,0.00386512,-0.639856,-3.5,0,0.601565,-0.632376,0.488077
-21.265,15.3345,36.3015,-0.34824,-0.0629461,-1.8447,0,0.527665,0.736358,0.423493
7.56975,4.184,15.622,0.646063,0,-4.5,0,0.292619,-0.955785,-0.0291297
3.91363,-9.8865,33.9549,0.252459,0,-3.5,0,-0.891114,0.116108,-0.438674
-29.4748,20.3148,44.025,-8.27065,0,-3.08351,0,0.0987544,0.538364,0.836906
-16.242,7.37775,33.7718,0.552052,0,-3.54578,0,0.667022,-0.0935046,0.739147
29.2385,-2.84725,7.3335,0.0588612,0,1.8,1,-0.131857,0.480449,-0.867054
8.322,-8.0305,45.7015,-0.15191,0,-1.33669,0,0.246431,-0.940183,-0.235218
5.385,-8.27375,52.5272,-1.60775,-0.530782,-1.6,0,0.0827669,-0.952636,0.292633
8.1475,-12.1746,28.762,0.402405,0,-3.9,0,0.410225,-0.443649,-0.796801
0.83975,7.54925,49.862,-0.59023,-0.758981,-3.9,0,-0.136908,0.16981,0.975921
-25.7747,2.77325,27.735,-0.0345612,0,-0.8,0,-0.485354,-0.846513,0.218742
10.839,5.16025,59.2906,1.80638,0,-2.1579,0,0.464104,-0.108177,0.879151
-15.6263,3.70375,29.6615,0.155384,0,0.197532,0,0.207845,-0.973042,-0.0999495
-16.1313,1.841,32.6986,0.418474,0,1.40328,1,0.0147586,-0.818592,-0.574186
23.3101,-6.95125,16.6615,-0.615617,-0.34626,-0.751429,0,0.723553,-0.667602,-0.175438
4.85925,1.316,4.1475,-1.44154,-0.075439,-0.9,1,0.993592,0.100983,-0.0507636
-3.22075,17.5081,43.2289,-1.19609,-0.0441244,-3.5,0,-0.57793,-0.561022,0.592665
-16.3575,1.59137,27.2439,0.186832,0,-0.4,0,0.584024,-0.574033,0.573936
11.0498,-5.19613,21.0257,0.510564,0,-4.5,0,-0.990683,-0.00592026,0.136062
-0.143,15.8573,-2.57175,0.700713,0,-3.5,0,0.743136,-0.442655,-0.501802
36.0902,-2.91025,20.1297,-0.691892,0.440927,-2.74848,0,0.713488,-0.45117,0.536079
-5.97025,-5.91925,53.0795,-1.13944,-0.408161,-0.4,1,-0.806662,0.038736,0.589742
4.8595,-5.82562,32.5059,-0.850426,-0.250729,3.8,0,-0.745876,-0.142207,-0.650727
-24.2785,6.34212,4.53562,0.82923,0,-3.9,0,-0.5742,0.537159,-0.617863
-5.6475,23.819,24.4774,0.238279,0.0166885,-1.22055,0,-0.689627,0.626129,0.363836
33.2202,-3.14925,11.3383,-1.6028,-0.65562,2.5,0,0.377474,-0.908129,-0.181151
-26.86,3.52025,25.8145,0.292245,-0.729134,-0.8,0,-0.587543,-0.687148,-0.427342
-0.6295,25.7356,4.83687,0.257005,0,-0.8,0,0.68083,0.710139,0.179368
29.1901,4.9525,25.6873,-0.735168,-0.0848179,-3.9,0,0.130751,0.989063,0.0682532
-3.42362,25.4569,18.8736,0.983782,0.717394,-3.9,0,0.479334,-0.289907,-0.828367
23.3061,-9.24862,39.3423,-0.0260573,0,-3.5,0,0.119424,-0.966585,-0.226829
-5.22862,15.1911,31.623,0.443091,0.196982,-4.5,0,-0.305921,-0.250329,0.918558
-2.1385,7.7075,43.166,0.429196,0,-3.5,0,-0.875639,0.324496,0.357713
-2.59275,-5.7885,41.4292,0.21633,-0.209353,-0.7,0,-0.154479,0.326312,-0.932554
17.1215,1.69537,26.0556,0.18233,0,-0.7,0,0.0693932,0.640326,-0.764962
-8.85375,12.191,-1.45325,-1.25781,-0.101697,-3.5,0,-0.479069,0.62776,-0.613523
5.69112,7.40825,15.14,0.604527,0,-4.07673,0,-0.880936,-0.38073,-0.281062
-11.9945,17.6055,13.614,-0.316183,-0.155133,2.60605,0,-0.922098,0.309029,0.232885
-4.9805,18.744,35.9629,-1.84755,-0.548891,-3.5,0,-0.615503,0.395473,-0.681732
18.6082,5.7235,42.6145,-0.51973,0,1.8,0,0.680149,0.497726,0.538206
0.314125,22.6169,32.9801,-1.48567,-0.0875928,-3.5,0,0.0567269,0.0653623,0.996248
10.0549,10.4105,41.5165,-0.269386,0,3.8,0,0.430064,0.89221,-0.137866
-6.07225,4.85437,28.9352,0.790647,0.0458807,-0.4,0,0.296086,0.930327,0.216391
2.172,-3.1085,34.925,-0.109937,-0.39205,-3.5,0,-0.369195,0.81726,-0.442471
-21.4116,0.280125,33.3975,0.125663,0,4.2,1,-0.392539,-0.664897,0.635473
16.8131,8.39412,41.6016,-0.730835,-0.533575,-3.5,0,0.0995476,0.695455,0.71164
-5.19287,-2.27425,8.55637,0.115347,-0.0679048,-2.27978,0,-0.594752,-0.712444,-0.372416
-21.6572,3.86125,20.1815,0.0583209,0,4.2,0,-0.855607,0.129635,-0.501131
25.5373,-1.33463,9.04975,0.201282,0,1.9,1,0.174033,0.303704,-0.936737
-18.4925,16.786,35.9478,0.44705,0,-3.9,0,0.399262,-0.115183,0.909573
-28.7017,21.0801,41.2236,0.521886,0,-3.5,0,0.724803,0.68731,-0.047601
3.616,-0.63975,32.5288,-0.665438,0,2.06827,0,-0.918721,-0.0257778,0.394064
29.7481,1.9135,13.6814,0.292075,0,0.438996,0,-0.323782,0.93887,-0.116997
0.959625,3.061,-2.95163,-0.0498837,0,-0.9,0,0.415314,-0.454115,-0.788222
14.3546,2.65438,58.1971,0.339648,0,-1.6,0,0.949686,0.0103344,0.313033
5.83075,-4.025,28.9421,-0.116514,-0.329726,2.5973,0,0.000400929,-0.961903,-0.27339
-27.6695,5.2845,26.687,0.804235,0.466125,-0.8,0,-0.79833,0.596327,0.0840432
1.62912,22.0851,26.6537,-0.254868,0,-3.5,0,0.520939,0.853145,-0.0276802
13.1816,6.24263,56.8359,0.00960243,-0.299806,1.21301,0,0.790211,0.00126268,0.612834
4.43,-1.8475,56.13,-0.128721,0,-0.812273,0,-0.486661,-0.176323,0.855612
-4.391,0.18925,19.1355,0.162368,0,-3.5,0,-0.269178,-0.81487,0.513351
12.428,19.222,29.533,-1.49701,-0.786235,-3.5,0,-0.90873,0.40115,0.115272
-25.7669,3.43012,28.8501,-0.0230045,0,-0.8,0,-0.446585,-0.518067,0.729498
9.398,17.4385,12.2226,0.157435,0,-1.6,0,0.757991,-0.623346,-0.192065
9.16763,-5.69387,53.8466,-0.793459,-0.139585,-2.7261,0,-0.182283,-0.784054,0.593323
17.3666,10.8141,55.461,4.35032,0,-0.8,0,0.999772,-0.00522804,0.0206813
6.34825,9.49225,22.0871,-0.372413,-0.331868,3.8,0,0.755044,-0.642635,-0.130108
-2.66887,24.5621,1.49075,2.04519,0,-0.8,0,-0.134843,0.456632,-0.879377
-14.3092,3.50875,30.6192,0.671209,0,-4.5,0,-0.0894473,-0.803513,-0.588528
12.4904,-10.7692,53.3301,0.0485522,0,-3.5,0,-0.372597,-0.784348,0.495952
-25.7097,7.211,43.3742,-0.0544623,0,1.9,1,-0.945303,-0.176543,-0.274288
18.529,-15.5355,47.346,0.451627,0,-3.9,0,-0.329556,-0.927833,0.174695
-5.34075,8.85775,46.5975,2.46708,0.228191,-3.9,0,-0.782224,-0.620214,-0.0588323
35.4518,2.7885,10.77,0.0687568,0,-1.6,0,0.619214,0.340186,-0.707706
24.3792,-8.17025,31.8795,0.0762032,-0.160688,-3.5,0,0.731637,-0.673436,0.105788
3.34225,-12.3597,38.4336,3.26132,0,-3.9,0,-0.671175,-0.358517,-0.648837
-13.2125,-3.08525,23.48,0.366774,0,-3.9,0,-0.497192,-0.071537,0.864686
-15.7719,7.04012,40.8985,0.164683,0,3.8,1,0.601573,-0.609331,0.516552
4.13912,22.9667,15.5894,0.301988,0.562895,-0.7,0,0.396732,0.892242,0.215656
-0.90225,-12.7806,46.927,-1.26849,-0.333469,-3.5,0,0.317824,-0.0674359,-0.945748
8.08825,15.8805,30.4505,-0.550461,-0.651033,-3.9,0,0.17545,0.978148,0.11155
2.621,-7.737,54.337,0.0987686,0,-1.6,0,-0.581939,-0.810908,0.0614385
-1.495,21.9345,43.7323,-0.148469,0,-3.5,0,-0.372847,0.408267,0.833248
-0.0985,12.9342,0.187,0.105613,0,0.219938,0,0.727531,0.639322,-0.248929
14.781,-3.37488,18.6052,1.1462,0.0485767,-4.5,0,0.17818,0.839112,-0.513949
5.13825,8.37,7.40325,0.164149,0,3.8,0,0.850899,-0.247234,-0.463516
-2.535,21.9869,41.3877,-0.627802,0,-3.5,0,-0.974537,0.193176,0.113847
32.9614,-2.88075,12.6584,-0.496724,-0.291182,2.5,0,0.399442,-0.896413,0.192068
1.0645,5.4925,38.956,0.263607,-0.340045,-4.5,0,0.0702745,-0.805268,0.588732
19.9574,4.07237,48.1632,0.156415,0,4.2,0,0.919333,0.0340861,0.392001
18.9597,-1.47113,19.9274,0.371585,0,0.478407,0,-0.929328,0.356991,0.0943793
18.3162,-4.39062,12.9047,0.194747,0,-0.7,1,-0.679393,-0.411491,-0.607537
23.9592,-7.364,29.2614,0.510584,0,1.02149,0,0.513521,-0.815787,-0.26606
2.9705,15.4198,9.3255,-0.102199,0.0821217,-2.36448,0,0.265273,0.640545,-0.720647
11.6481,11.6469,38.448,-0.498074,0,-1.3,0,0.140092,0.948699,0.283449
23.3403,-2.67575,9.15388,0.172094,0,1.9,1,-0.701522,-0.0170363,-0.712444
-22.7421,16.8364,23.8294,0.0821145,0,-0.7,0,-0.839642,0.394929,-0.37287
16.4094,14.5358,29.1886,-0.376974,-0.779191,-3.5,0,0.449568,-0.356062,-0.819212
-1.91375,-0.24075,46.4335,0.114373,-0.53287,0.0555534,1,-0.563823,0.799732,-0.206232
-18.3995,13.7353,11.7308,0.802627,0,-3.9,0,-0.572939,0.6743,-0.465898
5.97975,17.9295,39.6457,0.0756466,0,-3.5,0,0.581234,0.0443582,-0.812526
-15.7262,1.50175,36.346,0.638278,0.00307485,-4.5,1,-0.847431,-0.305111,0.434474
23.1781,-0.740875,14.7586,0.422616,0,-3.5,0,-0.374674,0.554254,-0.743251
7.108,-5.5795,54.6867,-0.0703295,0,-1.6,0,0.431874,-0.675882,0.597217
31.9049,5.67025,22.8971,-0.547095,0,-3.5,0,0.720282,0.690256,0.0688572
27.1985,1.462,33.3618,-0.460739,-0.0276056,-0.7,0,0.412586,0.306187,0.857917
21.2945,-10.0042,43.888,-0.0313608,0,-3.5,0,0.494069,0.0299515,0.868907
-9.9935,6.34225,32.0205,0.379842,0,-1.3,0,-0.457418,0.701937,0.545942
-0.88575,13.0605,-3.03125,0.212564,-0.381383,-3.9,0,0.605001,0.174098,-0.776958
-10.0347,14.9707,3.73625,-0.958227,-0.440065,-4.5,0,-0.104404,0.315491,-0.943168
5.66319,0.007625,58.9001,0.0616148,0,-3.9,0,-0.589669,-0.357824,0.724053
39.0835,-0.792,16.1098,-1.44312,-0.767603,-3.5,0,0.928095,-0.103868,0.357564
2.4,-12.7008,40.7723,2.58108,0.316095,-3.9,0,-0.869592,-0.418814,0.261543
20.3405,-10.5245,45.0262,0.292423,0.00466221,-0.0500841,0,0.712703,0.407439,0.571006
17.1874,15.9611,40.2371,1.84063,0.297715,-3.9,0,-0.708797,-0.0827768,0.700539
28.0781,4.87563,21.7815,0.0703514,0,-3.69519,0,-0.170172,0.180683,-0.968708
9.086,16.639,13.2856,-0.196205,0,-3.5,0,0.774188,-0.356263,-0.523173
-3.7555,-13.6949,49.8025,-1.3331,-0.420388,-3.5,0,-0.875376,-0.234184,0.422936
24.2412,0.97425,17.257,-0.179833,0,-0.164879,0,-0.162278,0.892367,0.421125
8.934,-11.2615,39.2415,-0.182944,0,4.2,0,-0.364948,-0.873146,-0.323154
22.8888,2.62975,26.377,0.352733,0,-1.73879,0,-0.490851,0.440453,-0.751709
-25.5432,17.9167,42.1698,0.589149,0,-1.6,0,0.167261,0.592217,-0.788227
-6.14038,18.4226,0.266875,0.575862,0,-1.6,0,-0.474804,0.813624,0.335525
-30.1975,18.5055,29.5977,-2.04096,-0.169481,-3.5,0,-0.931202,-0.0825946,0.355024
26.7633,2.62087,10.7534,0.594971,0,1.9,0,0.588162,0.808366,-0.0247123
-8.64281,6.45381,30.2127,0.264974,0,-1.3,0,0.288457,0.871825,-0.395871
1.92925,4.23675,44.5802,0.31475,0,3.8,0,0.232214,-0.363833,-0.902055
3.47237,-2.12625,34.9791,0.452644,0.693903,-3.5,0,-0.745789,0.4333,-0.506015
-26.9522,20.6658,37.597,-0.142159,-0.0865593,-3.9,0,0.760876,0.646098,-0.0602059
-29.858,18.0636,26.7765,-1.4435,-0.547866,-3.5,0,-0.655847,0.216904,-0.723062
10.4985,-5.8185,54.1758,-1.64933,-0.250383,-3.5,0,-0.527698,-0.611137,0.589955
-10.2968,-1.5965,23.2008,0.286078,0,-3.9,0,0.784271,0.0802235,0.615209
11.7539,-4.88613,55.9707,-0.864413,0,-3.5,0,0.611487,-0.698648,0.37145
1.21225,18.1436,11.1751,-0.117235,0,-1.46259,0,0.293616,0.805322,-0.51502
-6.706,-3.79225,11.7972,0.511631,0,-3.9,0,0.447061,-0.886067,-0.122562
1.51825,-4.92637,34.0669,-1.23994,-0.0428175,-3.5,0,-0.0502182,-0.484399,-0.873405
17.592,17.1057,34.1425,0.06218,0,-3.9,0,0.619338,0.707208,-0.340993
13.231,-12.7005,41.672,-0.837799,0,1.9,0,-0.678043,-0.693872,-0.242488
-17.1845,17.6768,31.3843,0.970821,0.111918,-3.9,0,0.930511,0.358353,0.0757106
21.8433,-0.86175,24.8883,0.441082,0,4.2,0,-0.124246,0.811956,-0.570342
-17.859,1.8475,16.1175,-0.0689417,0,-3.5,0,-0.800438,-0.0747629,-0.594735
-1.5335,1.6275,30.2785,-0.96244,-0.00662888,-3.5,0,-0.453126,0.18031,0.873021
23.7526,-0.25125,24.3851,0.395932,0,4.2,0,-0.655223,0.648384,-0.387662
0.4415,24.0352,42.121,-2.00749,-0.81732,-3.5,0,0.61797,0.472461,0.628406
-2.30137,-3.61613,5.67613,0.0789234,0,-3.5,0,0.240679,-0.70321,0.669006
-3.561,-11.3926,47.0719,0.0320232,0,-3.5,0,-0.813408,0.0423665,-0.580148
17.7344,-1.63563,24.4025,-0.0622526,-0.749624,-2.24706,0,-0.350825,0.885179,-0.305581
25.6255,-3.93088,32.3274,0.00834525,0,-3.01974,0,0.545814,-0.579664,0.605043
1.23225,-6.62675,52.853,-0.100481,0,2.6917,0,-0.0401383,-0.991393,0.124614
-0.490375,1.82175,30.463,-1.75245,-0.535201,-3.5,0,-0.0593618,0.108475,0.992325
1.555,15.757,47.1555,-0.0483299,0,-1.6,0,-0.933994,0.00736043,0.357214
20.3722,-0.070875,39.3269,-0.394917,-0.217292,-3.5,0,0.0772506,0.709622,0.700335
6.18062,3.23863,27.3603,0.707516,0,-0.131556,0,0.781075,-0.113228,-0.614086
-19.459,1.25025,18.6807,1.03248,0.488617,0.123713,0,-0.727181,0.0469002,-0.684842
2.8425,18.2865,35.2723,0.0423635,0,-2.91279,0,-0.438638,0.599887,0.669128
17.7908,14.1351,30.0877,-1.18685,-0.182648,-3.5,0,0.778147,-0.101628,-0.619806
28.0502,6.39,23.0853,-0.391984,-0.0229096,-3.5,0,-0.332456,0.942923,0.0192327
-19.4417,12.99,38.7419,-0.411506,-0.00348017,2.5,0,0.66764,0.708311,-0.229242
-4.3945,14.9661,-2.21275,3.23232,0,-3.3632,0,-0.306507,0.0575595,-0.950127
-20.6606,3.694,9.56275,-0.0608862,0,0.251775,0,-0.209357,-0.909049,0.360278
-0.21475,-14.9049,47.969,-1.76251,-0.67087,-3.5,0,0.32245,-0.933005,-0.159774
14.9074,19.4744,27.4102,-1.11715,0,-3.5,0,0.156661,0.62929,-0.761217
9.16,12.1007,15.2921,-0.902888,0,-3.5,0,0.376694,-0.768341,-0.51745
16.0409,-7.78263,52.5034,0.955027,0.861832,-3.5,0,0.974676,-0.203584,-0.0925186
4.72988,18.904,31.1049,0.0217624,0,-3.9,0,0.315274,0.621087,-0.717532
-4.36037,19.5004,38.898,-0.737261,0,-3.5,0,-0.725841,0.542457,0.42296
10.852,11.5218,17.6785,0.549477,0,-3.5,0,0.254684,-0.744381,-0.617279
-17.1706,0.18625,15.0704,-0.296707,0,-3.5,0,-0.558907,-0.102827,-0.82283
26.8958,-3.062,8.2085,0.87957,0.798319,1.8,1,-0.174159,0.106981,-0.978889
-14.5948,9.96675,41.6205,0.0962047,0,3.8,0,0.415619,0.343523,0.842171
-1.37875,8.43375,14.1184,0.427628,0,4.5,0,0.782716,-0.597249,-0.17507
-2.229,-0.1365,28.9241,-0.859068,-0.222444,-3.5,0,-0.670314,-0.634732,0.384439
18.9905,-5.0205,19.5613,0.124222,0,-1.26793,0,-0.774941,0.388743,-0.498343
17.7957,16.2674,30.1051,-0.00349685,0,-3.5,0,0.982687,-0.184384,-0.018115
5.9125,-13.0321,42.1754,0.365349,0,-3.9,0,0.352894,-0.714135,0.604547
-14.7061,17.0403,27.6197,0.524966,0,2.8,0,0.635656,0.656408,0.406287
23.7104,3.06025,23.5231,0.434628,0,-3.9,0,-0.944402,0.21824,-0.245918
15.6032,-13.952,32.8203,0.464668,0,0.171562,0,0.616013,-0.696832,0.36736
-28.0715,18.2957,30.805,-0.219033,-0.222324,-3.56431,0,-0.353633,0.892647,0.279509
11.1714,13.7154,45.2184,-0.12543,0,-0.7,0,0.848925,-0.52188,0.0834654
-7.1895,-2.339,18.5225,0.285495,0,-3.5,0,0.559011,-0.555509,0.615562
-13.2834,17.0152,6.7305,-1.33791,-0.07945,4.2,0,-0.617315,0.406521,-0.673545
-26.2138,3.36525,42.7928,-0.0144253,0,1.9,1,-0.957942,-0.0881475,0.273087
-9.29412,1.7225,28.0114,-0.678349,-0.200147,-1.3,0,0.11139,-0.99364,0.0165019
-6.36225,-6.63625,4.28525,-1.54187,0,-3.5,0,-0.707415,-0.263488,0.655849
-1.51013,-14.921,48.6442,-1.12713,-0.302262,-3.5,0,0.0216208,-0.999332,0.0294494
-26.0268,18.8345,38.2065,-0.66007,-0.836127,-3.9,0,0.731744,0.105317,0.673394
14.505,-6.68575,54.5835,-0.231711,0,-3.5,0,0.40636,0.264984,0.874446
37.1134,-3.3345,18.7969,-1.28012,0,-0.4,0,0.769713,-0.52804,0.358769
3.0255,-1.1215,-0.5225,-1.09647,-0.375578,-0.4,1,0.5008,0.10287,-0.859428
-28.507,12.2423,44.5563,0.174977,0,2.0658,0,-0.958514,-0.134803,-0.251155
-23.9246,20.297,36.2675,-0.285545,-0.44098,-3.5,0,-0.28284,0.295115,0.912639
-17.68,19.3449,35.0015,1.33258,0.874004,-3.9,0,0.5344,0.536283,0.653312
-20.4813,20.6268,31.7015,-0.758784,-0.0231598,-3.9,0,0.516963,0.855973,-0.00771367
33.2791,-2.55763,14.3547,0.54326,0,2.16689,0,0.0442913,-0.985738,-0.162353
-1.83413,0.603,-1.41587,0.634098,0.519366,-0.9,0,-0.624198,-0.658457,-0.420489
9.89175,13.0209,38.0826,-0.487561,0,4.2,0,0.486677,0.414397,0.769039
12.6501,7.868,49.2557,0.610536,0.0461402,-2.23483,0,0.756014,0.238483,-0.609565
-27.2146,1.63188,39.2334,0.145847,0,1.9,1,-0.907318,0.352805,-0.228696
-1.40275,7.98844,33.2175,1.27707,0,-3.9,0,-0.829832,0.0643566,0.55429
-18.4387,13.9029,18.9433,-0.433362,0,-3.5,0,-0.78658,0.604072,0.128019
-11.108,-3.6395,9.994,0.346889,0,-3.9,0,-0.685665,-0.275612,-0.673722
1.0345,-3.09788,9.84875,0.844086,0.370084,-0.7,0,0.762734,-0.62799,0.154482
4.081,1.04,2.9205,-0.450931,-0.595673,-0.9,1,0.849138,0.103,-0.518031
13.159,21.1505,19.014,-0.119312,0,-3.5,0,-0.470071,0.846549,0.249776
-3.8325,25.5282,3.73425,5.40935,0,-0.8,0,-0.426273,0.904448,0.016283
11.208,9.2445,19.225,-0.0289126,-0.363532,-0.8,0,-0.26304,-0.565035,-0.782013
1.34675,-9.4675,42.4725,0.667467,0.237773,-0.7,0,-0.508371,-0.857241,0.0818346
-16.8533,4.95925,40.5515,0.182037,0,-0.7,1,0.845753,-0.523705,0.102156
7.268,13.8859,9.76775,0.00888564,0,-3.22538,0,0.379784,0.86773,-0.320637
10.8899,-5.22275,57.1024,-0.199719,0,-3.5,0,0.28354,-0.825186,0.488542
13.5323,-0.03775,26.9405,-0.619516,0,0.177386,0,-0.742826,0.667464,0.0519704
1.81425,6.25138,40.5628,0.236623,0,-3.99091,0,0.256917,-0.911308,0.321732
-12.3866,16.1935,5.05088,-0.0856779,0,-4.5,0,-0.564404,0.46569,-0.681602
12.7095,-4.853,25.076,0.905669,0.242724,-1.3,0,-0.113057,-0.986241,-0.12061
-20.7954,22.5634,34.662,-1.49352,0,-3.5,0,0.229378,0.969494,-0.0864058
-25.2985,2.93837,25.2474,0.640258,0.595258,-0.8,0,-0.493948,-0.393136,-0.775538
-1.71906,-2.16062,56.2856,-0.297464,0,-0.9,1,-0.786596,0.0991074,0.609462
-26.439,10.4059,36.7719,-1.23624,0,-3.5,0,-0.500399,-0.682357,-0.532908
4.593,0.33475,7.19275,0.186843,0,-0.4,1,0.973443,0.136104,0.184078
-3.55087,18.5502,8.4585,0.650961,0.0609141,0.0529535,0,-0.598106,0.350841,0.720541
14.1165,12.165,57.5371,0.568473,0,-0.8,0,-0.137414,0.168522,0.976073
22.7535,-11.1985,36.6,0.470107,0,-3.5,0,-0.149468,-0.94255,0.298761
26.8034,2.30275,16.3983,0.233049,-0.0629574,2.5,0,-0.131988,0.940881,0.311965
12.2695,17.575,33.2635,-0.258322,0,-3.5,0,0.241217,0.901035,0.360486
34.0505,-5.63606,19.7287,0.375536,0,-3.9,0,0.395022,-0.145529,-0.907072
-15.5583,-3.20012,21.7826,0.541545,0,-3.9,0,-0.118266,-0.148302,0.981845
26.3022,2.20875,33.018,-0.474558,-0.706737,-0.7,0,0.0256788,0.906182,0.422108
22.0145,0.577,39.385,-1.20957,-0.00984525,-3.5,0,0.0871246,0.643745,0.760264
1.52175,-1.264,25.4972,-0.648177,-0.77213,-3.5,0,-0.126794,-0.957894,-0.257608
-12.4701,3.47338,32.6496,1.09253,0,-4.5,1,0.74659,0.143706,0.649578
15.5913,-12.9052,41.0895,-0.438062,0,1.9,0,0.0914215,-0.885025,-0.456478
6.15875,-11.1519,28.4918,0.524386,0,-3.9,0,-0.353819,0.0847049,-0.93147
-24.5448,11.3523,23.5993,-0.0740129,0,3.8,0,-0.532316,-0.131967,-0.836196
10.28,16.8447,26.5352,-0.99484,-0.352878,-1.01981,0,0.736714,0.183965,-0.650699
-23.544,1.43025,42.656,-0.444758,0,1.9,1,0.686603,-0.392083,0.612248
-24.4036,19.4784,24.8109,0.761947,0,-3.9,0,-0.614107,-0.592701,-0.521131
-26.3132,19.9482,35.991,-0.538103,0,-3.9,0,0.303989,0.921844,0.240406
11.2151,10.3536,56.4521,-1.27158,-0.443239,-0.8,0,-0.736338,0.507617,0.44736
5.406,-13.483,37.2355,-1.52717,-0.806143,-3.5,0,-0.066778,-0.942536,0.327362
13.3577,19.9858,27.8204,-1.99891,-0.0804228,-3.5,0,-0.144602,0.868383,-0.474342
5.331,2.8785,42.1395,0.356456,0,4.5,0,-0.99364,0.0223923,0.11035
24.6561,-5.167,17.5863,-0.481016,0,-3.29527,0,0.457864,-0.836209,-0.301853
13.4915,6.053,44.1635,0.11257,0,4.48587,0,0.555338,0.821363,0.130243
24.0627,-0.7085,34.2654,0.121717,0.137469,-0.7,0,0.440624,-0.40168,0.80281
26.1875,0.190375,20.3556,-0.522213,0,-3.5,0,-0.488772,0.853261,-0.181788
-13.391,-0.6215,12.5195,-0.0502402,0,4.2,0,-0.504005,-0.74356,-0.43943
9.0935,14.441,42.907,-0.302368,-0.648213,-0.7,0,0.632707,-0.133564,-0.762786
6.904,16.724,30.0945,-0.40494,-0.305841,-3.9,0,0.501892,0.835803,0.222573
-23.7986,10.6406,46.1232,0.160287,0,1.82014,1,0.0997954,0.114753,0.988369
28.9874,1.117,20.4605,-0.835412,0,-3.5,0,0.21407,0.795593,-0.566751
10.2203,-4.85275,28.5725,-0.0586855,-0.0690926,1.9841,0,-0.686412,-0.724595,-0.0616556
36.1885,-4.13737,17.8921,-0.656394,-0.481028,-0.4,0,0.19693,-0.955053,0.221568
4.4425,-0.5385,56.3111,0.178708,-0.0160331,3.56096,0,-0.65095,-0.217155,0.727398
-11.4241,2.98825,32.1584,0.335026,0,-1.3,0,0.284205,0.00068427,0.958763
-24.5252,19.444,45.351,0.144439,0,-1.6,0,0.616048,0.722331,0.314201
-13.4983,8.45037,39.7801,0.199576,0,3.8,1,0.936188,-0.345731,0.0634184
-11.645,2.3275,5.7935,0.283137,0,-1.6,0,-0.61759,-0.555575,0.556704
-17.7655,10.48,32.4793,0.0531845,-0.547223,-3.2,0,0.45649,0.881796,0.118541
0.328,-0.6035,26.0805,-1.30816,-0.124502,-3.5,0,-0.468191,-0.871219,-0.147566
34.2289,1.73738,21.0907,-0.788513,0,-3.9,0,0.338904,0.939324,0.05306
-15.0697,14.594,29.684,-0.730359,-0.364568,2.8,0,0.699382,0.171365,0.693902
32.5859,1.39213,28.1195,0.183009,0,-3.9,0,0.9994,-0.01488,-0.0312732
13.6838,-15.329,32.6155,0.146712,0,-3.9,0,0.366533,-0.9219,0.125513
3.042,-12.4403,34.9772,-0.990451,-0.180777,-3.5,0,-0.993652,-0.0685488,-0.0892013
-2.703,1.30275,29.35,-0.110053,0.0145846,-3.5,0,-0.518369,-0.163805,0.839322
-23.3129,0.7915,23.5931,-0.0711644,0,-0.8,0,-0.796667,-0.473976,-0.375059
-0.20775,-0.49975,56.3742,0.169917,0,-0.9,0,-0.0207237,0.769609,0.638179
-2.215,19.0345,17.2467,-0.994376,-0.411069,-1.3,0,0.756714,0.644834,-0.107581
-15.5428,10.0072,30.4939,0.292119,-0.267757,-2.71995,0,0.60503,0.40309,0.686627
4.83325,-13.6702,31.4045,1.72956,0.433233,-3.9,0,-0.587914,-0.783339,-0.201832
7.2165,8.71163,19.9751,0.276761,0,-4.5,0,0.420798,-0.235895,0.875947
34.505,-7.9005,21.962,2.32632,0,-3.9,0,0.976544,-0.213262,-0.029695
23.9835,-8.3655,43.1823,-0.845876,0,-3.5,0,0.587539,0.0997155,0.803029
7.88212,20.6816,27.5578,0.528362,0,-3.9,0,-0.0883412,0.39019,0.916487
-11.4908,-3.154,11.2487,1.1587,0,-3.9,0,-0.995544,-0.0831552,-0.0444662
32.7515,-8.54937,20.5718,2.43737,0.171104,-3.9,0,-0.264354,-0.601129,-0.754163
-3.26775,4.653,-3.02075,0.0176682,0,-1.6,0,0.0993273,0.433521,-0.895652
-20.5296,4.15637,41.6441,0.605456,0.335077,1.9,1,0.350399,-0.781431,0.516319
-17.4277,17.6922,27.0413,0.512769,0,2.8,0,-0.077052,0.929702,-0.360164
8.227,13.0232,6.912,0.0449599,0,-3.9,0,-0.00091041,0.5252,-0.850978
-18.2654,0.19325,24.3274,-0.097422,-0.0933602,-1.57092,0,0.0379387,-0.893046,0.448362
23.892,-8.60413,30.5054,0.281104,0,-3.5,0,0.693629,-0.654906,-0.299962
7.09975,0.337625,21.2155,-0.552047,-0.074232,-1.3,0,-0.458248,0.13476,-0.878549
7.079,9.579,7.683,0.228094,0,-3.9,0,0.15846,-0.764699,-0.624601
-19.6497,20.2852,32.8955,0.461476,0.687847,-3.9,0,0.57209,0.705565,-0.4182
-23.3746,8.86238,30.3814,0.253477,0,-1.6,0,-0.935099,-0.0293393,0.353169
19.055,5.43188,48.7139,0.233566,0,4.2,0,0.542825,0.457557,0.70426
-12.1296,10.9845,6.03312,0.640434,0,-4.5,0,-0.754408,0.215288,-0.620096
24.4653,-4.6605,8.72725,0.0193271,0,1.9,1,-0.296369,-0.0781982,-0.951867
-3.71725,17.5141,40.8151,-0.251698,0,-3.5,0,-0.963196,-0.0952504,0.251359
3.56612,4.0955,53.7207,-0.0191425,0,4.5,0,-0.696275,0.682773,0.221409
34.8151,-4.26925,23.0116,0.195681,0,-3.9,0,0.920489,-0.0534079,0.387102
-14.7618,12.136,40.273,0.0736651,0,3.8,0,0.305752,0.656965,0.689139
-24.1005,11.5944,18.297,0.0800277,0,-3.5,0,-0.734544,0.623098,0.26869
17.2843,20.3827,18.635,-0.944584,-0.0311544,-3.5,0,0.960909,-0.0211764,-0.276053
2.85625,17.802,20.458,-0.283523,0,2.58883,0,0.335463,0.912459,-0.23427
12.3348,-7.707,54.7967,-0.297882,-0.0143873,-3.5,0,-0.300777,-0.0708014,0.951063
13.7568,-17.3727,47.954,-1.86033,-0.0152812,-3.5,0,-0.344239,-0.934686,-0.0886641
14.6135,9.38525,25.9018,0.682896,0.865716,-4.5,0,0.672012,-0.392654,-0.627872
-13.5933,19.0161,23.5124,1.78659,0,-3.9,0,-0.2604,0.537927,0.801764
34.6336,0.486375,15.3964,0.916677,0.291559,-3.63816,0,-0.66343,0.593228,0.456005
4.768,5.03875,54.162,-0.0099112,0,4.5,0,-0.477632,0.855191,0.201286
-18.9328,-0.94075,23.2512,-1.51863,-0.353391,-3.9,0,-0.101376,-0.798707,0.593119
4.6475,15.384,8.87925,-1.60909,-0.0654916,-0.8,0,0.0785553,0.600821,-0.795514
-0.35,11.2942,49.2476,0.107003,0,-3.9,0,0.324215,0.775743,0.541393
1.125,3.43275,30.2394,-0.0692991,-0.18937,-0.568311,0,-0.474349,0.367644,0.799894
-21.903,11.9029,11.348,-0.143457,0,-3.5,0,-0.254807,0.731542,-0.632392
-11.1889,16.9066,16.1371,-0.0381903,-0.394254,1.14029,0,-0.990844,-0.117923,0.0657459
17.6108,17.7521,38.4851,1.38839,0.447373,-3.9,0,-0.372845,0.892707,0.253101
6.4555,4.4555,24.5292,2.62279,0.345764,-3.9,0,0.515027,-0.723249,-0.460062
-11.5206,2.32987,23.9711,0.120391,0,3.8,0,0.417206,-0.710803,0.566301
-25.843,15.0405,38.377,0.512548,0,-3.5,0,-0.0118057,0.95543,0.294982
11.3111,10.3038,52.4381,0.233584,0,4.2,0,-0.8758,0.482671,0.00169122
-0.7735,8.97637,40.9943,-0.131382,0,-3.5,0,-0.757493,0.564115,0.3286
-17.4071,-2.16088,17.3089,-0.465935,0,-3.57783,0,-0.791709,-0.306702,-0.528329
2.21088,0.703125,0.232375,-0.465356,-0.279497,-0.627368,1,0.667857,0.0791279,-0.740072
-17.2375,16.237,31.8175,0.592521,0,-3.9,0,0.989582,-0.107304,0.0959857
11.9067,9.392,46.8964,0.204142,0,-3.5,0,0.875916,0.447653,-0.179939
-16.0312,8.19,4.86662,0.330384,0,1.8,0,-0.276522,0.787355,-0.551006
6.13413,14.4601,38.0896,-0.299532,0,3.46167,0,0.548415,0.814129,0.190879
6.798,14.5975,48.585,0.43549,0,-1.6,0,0.553254,-0.0624044,0.830672
12.236,-14.8956,49.0342,-1.63022,0,-3.5,0,-0.950793,-0.134464,0.279127
33.6849,1.9985,23.6021,-0.431573,0,-3.5,0,0.803208,0.508215,0.310763
-9.70037,9.8455,25.0509,0.798416,0.219725,4.26435,0,0.301387,-0.817267,0.491163
33.2,1.6825,10.3525,0.392899,0,-1.6,0,-0.256066,-0.000591945,-0.966659
-1.5515,24.3265,21.5259,-0.123468,0,-3.9,0,0.975329,-0.089746,-0.201693
7.609,-2.694,57.943,0.0962761,0,-3.5,0,-0.362201,-0.526163,0.769391
9.331,7.9845,26.0005,0.39606,0,-0.9,0,0.179687,-0.775809,-0.604841
1.40525,-9.44363,44.9854,-0.728014,-0.099379,-0.7,0,0.114086,-0.990836,-0.0723115
-1.8865,-3.594,7.73,0.133037,0,-0.7,0,0.0901929,-0.959656,-0.266317
17.4153,-14.9967,48.1249,1.03634,0.830376,-3.9,0,-0.178847,-0.641484,0.745997
8.34625,6.071,12.7341,1.0226,0.760924,-4.5,1,0.514125,-0.136884,-0.846722
20.5031,-1.58337,41.1751,3.16176,0,-3.9,0,0.201589,0.979175,0.0240245
-0.935125,9.8795,40.0416,-0.874307,-0.0971889,-1.3,0,-0.862111,0.402605,0.307692
24.8085,-7.18475,35.029,-0.372498,0,-3.5,0,0.960275,-0.0707964,-0.269925
3.13862,-2.60775,28.9597,0.522693,0,1.8,0,-0.735172,-0.601594,-0.312422
13.356,20.44,29.153,-1.58771,-0.141133,-3.5,0,-0.413214,0.901953,-0.125441
1.14663,6.243,33.639,0.257841,0,0.221186,0,-0.664441,-0.680766,-0.308343
19.043,-1.868,12.84,0.135351,0,-0.7,1,-0.262021,0.515685,-0.815729
-25.125,8.754,46.546,0.535274,0.36149,1.8,1,-0.168312,-0.626369,0.761139
3.4665,-2.06437,0.412375,-1.39789,-0.0893173,-0.4,1,0.878799,-0.328189,-0.346416
-1.74137,4.48088,-2.24775,0.0925196,0,-1.27391,0,0.0655786,0.587059,-0.806884
-16.2385,1.1855,3.8475,-1.52042,-0.0278332,-3.5,0,0.798906,-0.58624,-0.134435
27.6087,-5.01725,13.5387,-0.322397,0.0384872,0.351313,0,0.683015,-0.677102,0.273904
0.530875,4.06775,50.2264,-0.0360573,0,3.8,0,-0.326439,0.460072,0.825695
19.646,-11.546,24.2925,-1.20122,-0.244751,-0.8,0,-0.0844278,-0.829812,-0.551619
0.33325,-1.23175,11.0437,-0.0645885,-0.862181,-0.7,0,0.671913,0.392647,0.627982
-8.13525,1.99825,28.8506,0.0513273,0,1.06332,0,-0.0724078,-0.994291,-0.0783686
21.231,-9.0315,10.6173,-0.164064,0,1.9,1,-0.81955,0.102357,-0.563792
-0.38975,-9.18525,43.0145,0.485255,0.669286,-0.7,0,-0.355921,-0.903282,-0.239587
6.19925,3.05475,59.1105,0.0352009,0,-3.9,0,-0.470331,0.305611,0.827883
-23.82,5.29313,35.0984,-0.891937,-0.8641,-0.8,0,-0.803533,-0.581613,-0.126731
-22.1805,22.2505,25.937,2.42584,0,-3.9,0,0.858889,0.49877,0.116351
6.983,5.591,55.5135,0.0453031,0,1.37298,0,-0.831894,0.464707,0.303314
7.641,7.509,55.5503,0.196548,0,-3.5,0,-0.683527,0.521585,-0.510626
11.8586,-6.90212,19.0629,0.942474,0.255832,-4.5,1,-0.329908,-0.920752,-0.208269
3.30125,6.22675,0.186625,0.232737,0,-0.9,0,0.69289,0.710548,-0.122573
0.471,23.6642,39.8372,-0.968054,0,-3.5,0,0.666734,0.385932,-0.637591
14.575,-16.162,49.382,-1.29927,-0.713981,-3.5,0,0.492608,-0.340739,0.800771
15.2416,-8.86975,50.8205,0.402093,-0.151909,0.248201,0,0.955861,0.222546,0.191842
1.98763,3.14563,50.9741,0.0635159,0,4.32992,0,-0.473261,0.655593,0.588407
5.324,6.3975,20.9925,0.453023,0,-4.5,0,0.0361797,-0.930075,0.365583
-12.4825,10.2802,29.818,0.148277,0,-0.7,0,0.270472,-0.0438648,0.961728
-5.48875,9.75288,29.1112,-1.3873,-0.0506002,-3.5,0,-0.484499,-0.522252,0.701793
-19.4268,-0.866125,18.1526,0.493832,0.130039,-3.9,0,-0.720169,-0.207328,-0.662096
18.6542,17.6616,37.8156,1.18933,0.36863,-3.9,0,0.447001,0.826192,-0.342923
11.2464,-13.1366,37.3891,-1.48917,-0.0440046,-3.5,0,-0.0838788,-0.500941,0.861407
20.0152,-3.73887,12.223,0.221797,0,-0.7,1,-0.283003,0.0943535,-0.954467
20.8405,-9.60575,30.2899,0.0743296,0,3.62611,0,0.767662,-0.539308,0.346182
-14.2972,16.114,28.0091,0.307516,0,2.8,0,0.753998,0.243854,0.609937
-5.06262,0.425,24.8671,0.862661,0.0552213,1.8,0,-0.204354,-0.873332,0.442188
12.888,-12.7253,42.8688,0.0871494,0,1.9,0,-0.685844,-0.700378,-0.197707
34.7765,-2.56588,13.9219,1.41338,0.0311056,-0.4,0,-0.0651862,-0.818066,-0.571419
6.2905,0.926875,21.9891,0.178021,-0.259785,-1.3,0,-0.701446,0.47099,-0.534922
-22.4508,1.549,20.6141,-1.30013,-0.373932,4.2,0,-0.633099,0.00948729,-0.774013
-18.4955,14.4659,17.732,-0.796789,-0.00751582,-3.5,0,-0.971667,0.222853,0.0787387
-5.267,-3.51775,45.852,0.318888,0,-0.4,0,-0.722999,0.0969126,-0.684018
13.611,19.207,14.5965,-0.0571719,0,-3.5,0,0.0774177,0.498135,-0.863637
-23.4807,3.095,43.7907,0.0737118,0,1.9,1,0.329297,-0.320637,0.888119
20.3188,1.396,14.3933,0.107117,0,3.8,0,0.492683,0.220761,-0.841741
-22.8832,8.19275,8.08775,0.373809,0.686693,-0.4,0,-0.319631,0.904765,-0.281491
35.656,2.79425,19.423,0.0513303,0,-3.9,0,-0.0758898,0.956978,0.28006
10.6434,17.4751,30.1426,-0.357662,0,-3.5,0,-0.587682,0.808922,-0.0165758
-29.2561,15.3014,42.733,0.26882,0.422955,1.00742,0,-0.684319,-0.715102,-0.142602
4.57463,-3.67975,28.7481,0.451161,0.064459,1.8,0,-0.34396,-0.658465,-0.669414
-17.8565,17.2379,25.7054,0.259806,0,2.8,0,0.25517,0.962001,-0.0971665
0.365375,-3.425,11.0179,0.624887,0.215018,-0.7,0,0.300945,-0.827978,0.473164
-4.49512,18.8961,15.1829,0.747058,0.563623,-1.3,0,-0.132403,0.379816,-0.915538
-6.30088,17.0146,28.1859,0.256582,0,0.946909,0,-0.887463,-0.0761085,0.454552
20.7039,2.97762,18.363,0.151845,0,3.8,0,0.265655,0.679517,0.683874
1.15787,-3.734,3.39875,0.813271,0,-0.4,0,0.597032,-0.48301,0.64051
33.7513,2.12037,19.2881,-1.58361,-0.46012,-3.9,0,-0.15977,0.962856,-0.217676
6.17125,3.96775,56.5088,-0.336185,0,-3.12707,0,-0.392266,0.911179,0.126012
-22.2455,3.06238,39.9346,0.137668,-0.139388,1.51907,1,0.556516,-0.825438,0.0945594
-13.1025,14.6806,5.97563,-0.216353,0,-4.5,0,-0.831191,-0.23892,-0.502035
18.3974,17.9724,39.5001,2.09145,0.29891,-3.9,0,-0.103158,0.966784,0.233852
2.10775,-8.621,46.883,-0.0366047,0,0.434445,0,0.309032,-0.950377,0.0358136
-3.647,20.6665,23.171,-1.29629,-0.00308014,-3.9,0,0.38207,-0.618548,-0.686601
-16.4673,2.88075,14.3577,-0.73963,0,-2.68754,0,-0.847538,-0.529973,0.028417
-1.5975,4.50663,38.0881,1.17196,0.0266363,-4.5,0,0.128457,-0.991634,0.0126568
15.6005,12.9192,19.6632,-1.39617,0,-3.5,0,0.792065,-0.4989,-0.351755
24.6817,-9.8025,40.6797,-1.54562,-0.610004,-3.5,0,0.538537,-0.664549,-0.518027
-3.32687,-4.48462,5.48938,0.0661637,0,-3.5,0,0.224377,-0.368738,0.902046
-24.1073,21.6287,22.9473,2.10496,0.310993,-3.9,0,-0.143497,0.154808,-0.977468
-9.20813,-1.10588,7.2805,0.405369,-0.0293256,-1.3,0,-0.675855,-0.54704,-0.493931
-10.4978,12.4165,2.7565,0.198469,0,-4.5,0,-0.638576,0.604762,-0.475903
38.3882,2.081,16.2235,2.01666,0,-3.5,0,0.685974,0.446441,0.57457
24.2224,1.18725,37.5687,-1.03343,-0.469649,-3.5,0,0.903666,0.271167,0.331445
-4.12475,9.5445,29.1145,-1.64487,-0.0478976,-3.5,0,-0.105461,-0.519502,0.847936
-29.1262,16.399,29.2404,-0.717691,0,-3.5,0,-0.873999,-0.452079,0.178186
15.848,17.2808,19.2992,-0.495025,-0.0851391,-3.5,0,0.928344,-0.343188,-0.142828
24.3076,-0.178375,13.8539,-0.141322,0,-3.5,0,-0.813147,0.568688,-0.124038
15.39,-16.255,48.3899,-1.79126,0,-3.5,0,0.837549,-0.515972,0.179679
9.93262,-3.494,58.2384,-0.00114386,0,-3.5,0,0.0941218,-0.350416,0.931853
18.0619,-11.261,36.9989,0.261908,0,-1.6,0,-0.0541599,-0.92175,-0.383985
15.0394,-13.7843,33.9816,0.804814,0.0296584,-3.9,0,0.607615,-0.558907,0.564294
-0.11975,10.7606,43.0709,-0.591103,0,-3.5,0,-0.972694,0.197657,-0.121647
-14.6686,-6.13725,18.0134,1.98248,0.0259869,-3.9,0,0.298539,-0.884946,-0.357414
-8.14575,-2.16237,8.22087,0.47992,0,-1.96335,0,0.01375,-0.793887,-0.607909
-13.7585,3.7615,27.8235,0.716858,0.261365,-1.3,0,-0.0959867,-0.991747,-0.0849923
-12.5804,3.72644,9.29475,-0.18083,0,-1.3,0,-0.175745,-0.933854,-0.311496
11.8576,11.1969,51.225,0.159147,0,4.2,0,-0.423433,0.898392,-0.116605
5.51625,12.6088,6.99925,-0.585828,-0.245176,-3.9,0,0.223792,0.591115,-0.77492
-11.534,1.2955,3.619,0.0466314,0,-1.6,0,-0.431685,-0.773894,-0.463396
2.35475,-10.6546,42.4702,0.345541,0,-3.9,0,-0.79973,-0.536491,0.26946
38.9641,0.371375,15.5653,-0.354435,0,-3.5,0,0.988922,0.00735774,0.148253
7.7555,14.0435,40.931,-1.4839,-0.824992,-1.3,0,0.917392,0.228536,-0.325825
18.606,-10.5278,46.6625,-0.987208,0,-3.5,0,0.509065,0.342841,0.789502
-3.21563,-3.54988,7.62025,-1.0079,-0.50066,-0.7,0,-0.0617638,-0.99645,-0.0572134
-3.20975,-12.8427,50.3725,-0.844745,-0.490846,-3.5,0,-0.569821,-0.233636,0.787857
-31.6348,18.6483,44.0731,-0.29047,-0.0438698,-3.34836,0,-0.7974,0.132026,0.588831
-23.373,3.50375,32.5036,-0.476368,-0.171771,2.17004,0,-0.858991,-0.125291,0.496423
-19.7425,8.8295,41.2743,0.553077,-0.950505,-0.7,0,0.60645,0.345582,0.716095
-22.5095,3.36788,36.5335,0.277555,0.431788,-0.8,0,-0.745607,-0.661409,0.0812902
15.1763,9.18475,27.4436,0.189604,0,-4.5,0,0.880411,-0.456241,-0.12931
-14.6777,12.0566,37.801,0.1533,0,3.8,0,0.562859,0.599926,-0.568576
4.86237,5.846,7.596,0.158562,0,3.8,1,0.934584,-0.350632,-0.0600776
-24.8487,20.7447,24.359,1.81914,0.151797,-3.9,0,-0.852152,-0.360799,-0.379026
-2.58875,21.5713,39.2425,-1.1352,-0.797453,-3.5,0,-0.964258,0.067628,-0.256189
12.269,3.44075,29.4575,-0.181095,0,3.8,0,-0.251249,-0.658713,-0.709205
-23.6922,0.236375,40.0109,-0.15051,0,1.9,1,0.860808,-0.467994,-0.199979
8.08463,10.3644,20.7905,-0.11622,-0.658397,2.9848,0,0.0439656,-0.849916,0.525081
8.23038,17.1838,45.1174,-0.0408956,0,-0.7,0,0.075956,0.979206,0.188115
2.347,22.022,24.108,-1.64294,-0.116096,-3.5,0,0.762187,0.587572,-0.271718
28.6133,1.44325,18.1379,-0.0133378,0,0.87862,0,0.580604,0.73165,0.357192
-4.48212,-7.28188,48.9609,0.838292,0,-0.4,0,-0.677983,0.0950606,-0.728905
-24.6711,10.5759,17.6197,0.303489,0,-3.5,0,-0.944454,0.328276,0.015567
-0.495375,18.4494,35.3816,-1.99552,-0.954874,-0.7,0,0.308697,0.951082,-0.012249
-6.93725,3.2365,33.564,-0.198759,0,-1.3,0,-0.0730917,-0.246382,0.966413
18.1588,1.87775,50.6206,-0.261512,0,-4.5,0,0.619159,0.322691,0.7159
7.166,9.6785,15.5017,-0.36592,0,-3.5,0,0.960178,0.176666,-0.216445
8.84875,20.7415,12.9622,-0.083416,-0.0174255,-1.6,0,0.62312,0.765039,-0.162595
2.621,13.394,47.101,-0.438056,-0.973101,-0.8,0,-0.678477,-0.134828,0.722143
7.374,17.352,33.0295,-0.103974,0,-3.9,0,0.985147,0.130954,0.111065
18.403,-12.9115,25.6165,0.295579,0,-0.8,0,0.130055,-0.547756,-0.826468
-19.8995,10.1574,41.1642,0.118257,0,0.77306,0,0.837607,0.186814,0.513337
1.30537,9.34825,0.2765,-0.64689,-0.264084,4.5,0,0.959068,0.013255,-0.282865
15.4097,-5.4025,52.614,0.505323,0.363727,-3.5,0,0.841755,0.537809,0.0470065
8.93112,16.0409,46.8047,-0.069072,0,-0.7,0,0.147817,0.510502,0.847076
8.19825,-3.26312,22.0631,0.181613,0,-1.3,0,-0.225305,-0.599341,-0.768133
15.611,12.8815,29.8435,-0.30522,-0.0369143,-3.5,0,0.421586,-0.168316,-0.89103
27.0565,1.80625,14.0525,-0.119872,0,2.5,0,-0.180512,0.903219,-0.389371
-15.4296,3.1475,26.2447,-0.20286,-0.462605,3.8,0,0.650725,-0.581388,0.488411
-4.0015,22.5233,2.245,4.19454,0,-0.8,0,-0.7052,-0.16841,-0.688717
-24.8649,22.5309,27.9817,0.282878,0,-3.9,0,-0.702226,0.613118,0.361892
-9.98512,19.6984,15.493,-0.209478,0,-3.32157,0,-0.151859,0.78652,-0.598603
-16.3433,-0.36975,24.7335,0.902861,0.247288,-0.4,0,-0.026658,-0.955897,0.292489
1.61063,1.25925,42.9676,0.414669,0,-1.6,0,0.347778,0.927559,-0.136695
-26.0711,11.5705,41.3221,-0.639158,0,2.5,0,-0.841477,-0.440237,-0.313223
5.50962,-2.34337,25.2228,0.29067,0,-0.4,0,-0.505856,-0.761922,-0.404455
5.086,6.572,40.1325,0.456834,0,4.4011,0,-0.800735,-0.287496,0.525518
2.12663,-11.2735,39.9371,1.03534,0.482334,-3.9,0,-0.969429,-0.195945,-0.147692
1.51437,24.3141,31.0219,-1.46465,0,-3.5,0,0.725819,0.560149,0.399274
15.519,13.0765,40.1722,-1.41963,-0.0190054,-3.5,0,-0.467224,0.477023,0.744413
24.733,4.41838,27.9604,0.836628,0.335681,-0.0804354,0,0.00349054,0.985694,0.16851
11.496,10.703,44.7005,-0.822789,-0.195403,-3.5,0,0.858027,0.510895,-0.0526985
-3.30775,9.3775,49.5936,0.431862,0,-3.9,0,-0.543121,-0.217347,0.811036
-1.27412,25.0671,28.2003,-0.0578485,0,-3.5,0,0.233462,0.81141,-0.535825
-10.3469,-6.496,19.525,1.77514,0.779477,-3.9,0,0.439753,-0.897788,0.0243774
20.9971,2.84025,15.7312,0.064589,0,3.8,0,0.549977,0.580146,-0.600796
-27.9007,20.1033,42.5078,1.07797,0.330042,-3.32184,0,0.76117,0.605211,-0.233109
-27.5438,12.0265,38.1642,-0.580847,-0.113484,-3.5,0,-0.935506,-0.215674,0.279845
37.8232,-0.8865,12.582,-0.269729,0,-3.5,0,0.812399,-0.228397,-0.536509
22.8814,0.962625,26.3325,0.548577,0,1.7585,0,-0.166596,0.377954,-0.910712
25.8484,0.8845,9.02563,0.268324,0,1.9,1,0.0952987,0.120194,-0.988166
13.467,17.857,26.7236,-2.10271,-0.701796,-3.5,0,-0.0573994,-0.420949,-0.905267
3.1435,-4.06063,29.762,0.146843,0,1.8,0,-0.712441,-0.587028,-0.384481
-1.5565,3.468,29.1117,-0.783527,-0.115522,-3.5,0,-0.451635,0.289758,0.84384
-2.32375,1.7825,-1.93575,0.250976,0.709673,-0.9,0,-0.297952,-0.539673,-0.787387
-20.0119,2.42375,27.3815,-0.0475036,-0.270959,-0.716666,0,0.0646328,-0.674041,0.735861
-3.47925,0.12675,24.2887,0.342159,0,1.8,0,0.30694,-0.925734,0.220917
24.9829,-5.3125,32.1954,0.156177,0,-3.5,0,0.913538,-0.152192,0.377208
8.24238,3.33325,30.1453,0.0455798,0,-3.5,0,0.240849,-0.487518,-0.839237
-10.3383,-0.183375,10.3619,0.331882,0,3.45186,0,-0.678695,-0.1514,-0.718646
25.2148,2.30262,15.4792,-1.70007,-0.54232,2.5,0,-0.430512,0.900369,-0.0632086
-24.082,6.64425,18.3815,0.481206,0.79913,-3.5,0,-0.266015,-0.941641,0.206272
-4.14425,-8.047,3.2935,-1.13969,0,-3.5,0,0.148319,-0.878767,0.453618
20.91,-10.6025,40.36,0.177659,0.592678,-3.5,0,0.553949,-0.450065,-0.700416
-3.45575,17.341,41.8778,-0.934755,-0.292896,-3.5,0,-0.874964,-0.392839,0.283049
10.8425,14.2922,46.9334,-0.0213255,0,-0.7,0,0.678369,-0.319932,0.661406
-30.543,21.8867,41.309,0.757581,0,-3.5,0,-0.414791,0.813031,-0.408569
12.7695,-14.235,50.1204,-1.83635,-0.251022,-3.5,0,-0.503841,-0.00233302,0.863793
-13.4316,0.8465,36.594,1.13928,0.0211919,-4.5,1,0.532815,-0.326477,0.780718
24.5401,2.23587,31.9925,1.08831,-0.972933,-0.7,0,0.233069,0.920766,0.312839
-3.23075,21.4247,30.519,-0.276003,0,-3.5,0,-0.513421,-0.48706,0.706521
18.8426,-13.9754,29.0686,-0.173152,0,-0.8,0,0.0311808,-0.987165,0.15663
-2.85737,22.5991,19.9976,-1.54589,-0.409644,-3.5,0,0.911424,-0.0598293,-0.407097
-15.424,9.19425,2.191,0.853546,0.812884,-3.5,0,-0.85,0.473326,0.231222
19.0508,0.919875,43.1635,0.237121,0,4.2,0,0.705874,0.270542,-0.654637
19.6211,-10.9543,23.4814,-0.921962,-0.00390017,-0.8,0,-0.0261825,-0.95896,-0.282331
10.2568,7.9075,60.1738,-0.973853,-0.593213,-3.5,0,0.159984,0.360582,0.918905
-11.3516,18.872,13.3174,-0.279367,0,4.2,0,-0.647529,0.743508,0.167036
14.3532,7.03525,56.0277,-0.733886,-0.103094,4.2,0,0.702889,-0.0792618,0.70687
3.03575,-1.64425,26.2215,0.600313,0.358724,-3.5,0,-0.192464,-0.893631,-0.40544
19.15,-11.2998,33.361,0.0835268,0,4.2,0,0.788534,-0.391937,0.473919
31.1331,-5.29025,22.7494,0.517448,0,-3.9,0,-0.76933,-0.621063,0.149706
24.0655,-1.525,8.84425,0.0411682,0,1.9,1,-0.512933,0.20753,-0.832965
15.2366,17.6758,15.7014,-0.09084,-0.154271,-3.5,0,0.784202,-0.23219,-0.575426
-3.91687,12.0702,46.4786,1.5482,0.0437771,-3.9,0,-0.293034,0.956102,-0.000711778
23.8911,-3.53525,9.00275,0.228086,0,1.9,1,-0.594789,-0.194371,-0.780029
-25.413,11.4331,24.1388,-0.0298238,0,3.8,0,-0.703516,-0.175032,-0.688788
9.709,-4.56738,57.5778,-0.140986,0,-3.5,0,-0.329321,-0.639776,0.694431
10.1549,8.99362,55.4756,0.383405,0,-3.5,0,-0.558508,0.817773,-0.138985
1.64425,8.2865,49.6698,-0.255691,-0.0800874,-3.9,0,0.240865,0.230365,0.942824
22.364,-0.831875,21.2821,0.500208,0.0746402,-3.2,0,-0.0228058,0.939529,0.341708
33.7474,-0.9995,26.3125,-0.474263,-0.063259,-3.5,0,0.613593,0.75795,-0.221396
20.0491,2.36987,27.1769,-0.859425,-0.0416159,2.8,0,-0.389906,0.759865,-0.520172
6.2275,14.299,9.10025,-0.394323,0,-3.4286,0,0.473498,0.772661,-0.422841
12.8939,10.8145,22.8459,0.348471,0,-0.8,0,0.697659,-0.384583,0.604457
-26.9369,19.095,30.6804,-0.0226694,0,-3.5,0,-0.388925,0.890037,0.237848
-0.055375,9.62175,35.4859,-0.0391196,-0.226082,2.77369,0,-0.901505,0.339283,-0.268657
15.728,15.7937,28.12,-0.259419,0,-3.5,0,0.180212,-0.498072,-0.848203
-1.57463,2.332,48.3285,0.0693723,0,3.65807,1,-0.854057,0.506425,-0.118832
-2.55888,0.3615,25.6251,0.47766,0,0.025191,0,0.00160981,-0.970998,-0.239082
-22.0619,6.186,23.8639,0.121604,0,0.900147,0,-0.808756,-0.492298,-0.321803
35.1046,1.74175,20.407,-0.0865733,0,-3.9,0,0.19024,0.787046,0.586828
26.894,2.48875,14.9679,0.0611279,0,2.5,0,-0.222651,0.909734,-0.350444
-3.89875,16.9622,-2.2345,5.38753,0,-1.6,0,0.0180905,0.219328,-0.975483
-20.6899,5.43213,13.8855,0.355725,0,-1.2649,0,-0.517264,-0.849894,-0.100586
-5.32725,27.3385,21.2715,2.25448,0.149249,-3.9,0,-0.581015,0.635881,0.508013
-19.9673,1.53925,5.3085,-0.692816,-0.588707,-3.5,0,-0.831421,-0.536777,0.143561
17.1873,7.593,42.7784,-1.16542,-0.146206,-3.5,0,0.115117,0.701658,0.703153
-27.8391,19.0845,30.0975,-0.537475,0,-3.5,0,-0.0400115,0.856845,0.514019
-3.54975,8.3965,47.5214,1.24911,0,-3.9,0,-0.376256,-0.919538,-0.113496
7.38275,16.5588,46.7972,0.0179131,0,-1.56169,0,0.258043,0.846114,0.466374
-24.1365,11.1517,15.9008,-0.0809103,0,-3.5,0,-0.889916,0.386513,-0.242194
6.13963,6.293,20.1825,0.683189,0,-4.5,0,0.379195,-0.593018,0.710311
-6.18825,5.15263,-1.54562,0.549259,0,-1.6,0,-0.611999,0.327433,-0.719892
-13.672,-0.415625,24.6623,-1.5339,-0.183828,-0.4,0,0.285663,-0.744783,0.603071
0.06175,18.278,38.9095,0.224335,0.0522344,-3.5,0,0.677683,0.467459,-0.567652
-0.734625,5.6145,47.0536,0.353266,0,3.8,1,-0.93805,-0.156729,0.309027
-19.2335,7.708,7.5545,-0.560597,0,-0.8,0,-0.131103,0.679962,-0.721431
9.88538,9.66,49.9323,0.0988828,0,-3.5,0,-0.418046,0.743088,0.522549
25.3304,-8.64975,40.7964,-1.76129,-0.220597,-3.5,0,0.972656,-0.0248539,-0.230915
12.3879,5.86788,47.6758,2.33704,0.670886,-4.5,0,0.406849,0.619508,-0.671329
13.535,3.44412,59.1403,0.705705,0,-1.6,0,0.569792,0.236355,0.787066
-1.899,18.5111,23.0392,-0.978357,-0.422717,-3.93328,0,-0.425793,0.322641,-0.845342
22.5395,-0.8715,40.1705,-0.583609,-0.314808,-3.5,0,0.713261,0.437848,0.547309
-17.5158,6.24662,33.8349,0.922045,0,-3.39203,0,0.482358,-0.130334,0.866224
24.7493,0.688625,18.1106,-0.466985,0,0.58452,0,-0.00693032,0.900123,0.43558
18.2845,1.285,17.9345,0.251163,0,3.8,0,-0.740514,0.0519637,0.670029
17.3881,18.3264,28.5133,-0.174755,0,-3.5,0,0.89544,0.235758,-0.377632
16.317,5.2525,49.1266,0.938647,0,-3.08993,0,0.268368,0.733803,0.624108
18.0606,6.7275,45.6575,0.177284,0,4.2,0,0.316354,0.941645,-0.115001
-2.31225,12.489,46.804,0.290143,0,-3.9,0,0.192647,0.964481,-0.18073
31.5753,4.92912,30.214,0.282039,0,-3.9,0,-0.0639155,0.994442,0.0836647
26.5362,2.0805,9.48512,0.481848,0,1.9,0,0.268421,0.561458,-0.782761
-24.7045,17.4855,46.5824,0.0547711,0,-1.6,0,0.510816,-0.172354,0.842236
20.2171,-1.1145,40.1764,0.638696,0.0987821,-3.9,0,0.3139,0.721602,0.617056
-6.87138,2.11375,1.969,-1.15813,-0.0720906,1.74518,0,-0.380791,-0.782817,-0.492133
-0.565,-0.47325,27.344,-0.852606,0,-3.5,0,-0.257765,-0.958091,-0.124974
27.0711,-5.477,22.7755,0.0649401,0,4.2,0,0.25324,-0.962402,-0.0982467
35.4285,2.6695,17.5615,0.374749,0,-3.9,0,-0.450882,0.795916,-0.404009
-20.467,8.41675,44.8215,0.00798434,0,1.9,1,0.780357,-0.475513,0.406116
-23.9121,10.098,15.2662,-0.164996,0,-3.5,0,-0.890454,-0.382011,-0.247303
-23.0571,23.4522,26.2803,0.436078,0,-3.9,0,0.346518,0.932385,0.102873
19.2393,2.958,15.2863,0.111874,0,3.8,0,-0.0732637,0.874416,-0.479613
2.19525,0.7095,39.603,-0.764645,-0.867788,-1.3,0,-0.630979,0.719244,0.290781
3.51725,-8.25963,54.3392,0.0110691,0,-1.6,0,-0.300284,-0.953349,-0.0309154
20.383,15.422,38.8745,1.68204,0.426656,-3.9,0,0.97294,-0.227835,0.0384602
4.37475,2.2955,58.2605,-1.30852,-0.0165083,-3.9,0,-0.716217,-0.0816032,0.69309
19.14,-6.0545,16.4585,0.813003,0,-0.8,0,-0.999507,0.0248293,-0.0192102
-28.3748,21.4475,39.7443,0.962241,0,-3.9,0,0.540795,0.533499,0.650323
33.6573,-4.12638,26.3762,-0.772178,0,-3.5,0,0.466014,-0.801158,-0.375468
5.08325,-10.6009,30.4414,1.29459,0,-3.9,0,-0.912009,0.357858,-0.200444
15.5075,10.4981,28.468,0.408056,0.030534,-4.5,0,0.968101,0.130283,-0.214026
32.7844,-2.55562,10.3189,-0.662931,-0.0606722,2.5,0,0.361059,-0.455718,-0.813608
-15.786,16.732,18.3605,-0.470019,0,-3.5,0,0.27781,0.885892,-0.371507
-7.76512,18.846,8.2305,0.994293,0,-1.5382,0,0.121982,0.974634,-0.187643
12.1035,2.96338,59.7151,2.9095,0,-1.6,0,-0.0533762,-0.0370257,0.997888
31.1717,1.361,15.0028,0.438716,0,-1.32144,0,0.426052,0.455561,0.781629
9.127,12.6698,13.9438,-1.87922,-0.0284911,-3.5,0,0.717243,-0.644834,-0.264107
0.385,-4.42613,3.84363,0.790083,0.560913,-0.4,0,0.541137,-0.513015,0.666324
-26.3293,9.58575,38.0689,-2.62542,-0.703158,-3.5,0,-0.601796,-0.780995,-0.166996
12.8924,8.52238,42.8568,0.312213,0.233234,-1.64771,0,0.69468,0.264095,0.669083
24.0785,-9.2915,26.3615,0.391236,0,-1.15304,0,0.896955,0.0472295,0.439593
-24.1671,8.30825,12.8584,-1.85659,-0.747247,-3.5,0,-0.766108,-0.50167,0.401753
8.2575,2.1645,30.425,0.225851,0,-0.447585,0,0.453348,0.237672,-0.859062
18.4846,12.0436,40.2234,-1.79167,0,-3.5,0,0.941575,0.124989,0.312753
22.0497,6.06675,37.4885,0.898985,0,-3.79009,0,0.887781,0.0126098,0.460094
-25.296,10.2881,36.2482,-0.592756,0.0598632,-3.47414,0,-0.646799,-0.681774,-0.341813
31.79,-3.161,9.91663,0.0678336,0,1.8,0,0.883866,-0.327701,-0.333757
-12.8816,3.12375,3.43812,0.293471,0,-2.29525,0,-0.47635,-0.848088,-0.23203
-27.813,19.3965,46.3828,0.0951629,0,-1.6,0,-0.395084,0.526396,0.752872
-18.3178,4.42825,34.4,0.366461,0,2.91941,0,0.593713,-0.0255178,0.804272
14.4275,-5.5785,22.597,0.943263,0,-4.5,1,-0.471725,-0.759212,0.448411
12.0192,0.0365,24.9541,0.364574,0,-1.3,0,0.266519,0.881931,0.3888
5.15575,4.87563,23.8514,2.53846,0.330759,-3.9,0,-0.335162,-0.617054,-0.711977
-19.3596,3.30363,15.734,0.099227,0,-1.6,0,-0.46375,-0.864382,-0.19437
6.75362,17.2437,45.2993,-0.226174,-0.285994,-1.08116,0,0.353541,0.861126,0.365338
0.20725,5.83425,10.829,0.238615,0,-1.6,0,0.267777,0.87785,0.397083
13.7135,13.4025,36.61,-1.13546,-0.330148,-3.5,0,-0.279457,0.381919,0.880932
-23.3215,2.59775,31.7598,-0.952438,-0.685891,-0.937714,0,-0.808342,-0.578657,0.108351
7.142,19.7862,32.7272,1.21818,0,-3.9,0,0.72155,0.230272,-0.652948
21.7143,-4.06588,11.7451,0.347021,0,-0.7,1,-0.373943,0.260155,-0.890217
15.8074,13.9229,54.648,0.33377,0,-0.8,0,0.56044,0.818916,0.123626
11.7565,16.1873,36.248,-1.78448,-0.81159,-3.5,0,0.257646,0.407444,0.876133
8.88519,20.0276,10.2448,0.111852,0,-1.6,0,0.660572,0.457532,-0.595238
32.8541,3.10737,32.825,3.01879,0.303111,-3.9,0,0.840647,0.260411,0.474866
21.6371,-9.66825,29.0217,-0.00788831,0,-0.8,0,0.548742,-0.594307,0.587946
5.26937,22.417,13.0524,-0.153921,0,-0.7,0,0.488461,0.853091,-0.183417
11.4797,-16.4823,32.4753,0.327761,0,-3.9,0,0.347856,-0.931476,0.106531
19.5451,14.4516,38.7627,1.69118,0,-3.9,0,0.696987,-0.662531,0.274338
-17.9673,-1.1035,17.1175,0.356765,0.0135181,-3.77487,0,-0.660886,-0.550707,-0.509854
27.4405,-4.88713,19.0637,-0.350875,0.176416,-3.37862,0,0.0503854,-0.894937,0.443338
-27.5314,16.6103,38.3467,0.332184,0,-3.9,0,0.849404,-0.0850855,0.520838
13.749,21.0405,17.431,-0.0885738,0,-3.5,0,-0.288608,0.93697,-0.19696
-22.3359,12.001,22.4767,-0.21544,0,-3.5,0,-0.726592,0.514801,-0.455021
3.331,0.419,44.907,-0.218174,0,-1.6,0,0.0509932,0.75475,-0.654028
-19.7609,-0.385625,23.8084,-0.40085,-0.00558111,-3.9,0,0.0613382,-0.953744,0.294297
-24.7968,5.7945,5.6245,0.271329,0,-3.9,0,-0.967495,0.249378,-0.0419981
11.4333,-9.7585,53.9178,-0.0109581,0,-3.5,0,-0.732845,-0.485468,0.476717
5.76375,11.4528,6.66725,-0.691145,-0.634595,-3.9,0,0.350783,0.124415,-0.928155
-7.27575,16.8601,-2.03775,0.550201,0,-1.6,0,-0.730824,0.083248,-0.677471
-22.5674,22.3557,35.5394,-0.908077,-0.0138182,-3.5,0,-0.324418,0.885154,0.333549
-19.1943,18.2485,24.8018,0.135546,0,-0.7,0,0.688414,0.69331,0.213088
28.466,2.91937,15.5849,0.502849,0,2.5,0,0.09077,0.992628,0.0803169
14.5962,-9.83537,54.4352,0.0864059,0,-3.5,0,0.622707,-0.484232,0.614618
-4.572,12.5474,38.2644,-0.544914,-0.541205,-0.8,0,-0.220996,-0.715722,0.662497
-7.69987,-4.40875,12.8421,1.95922,0.154953,-3.9,0,0.649891,-0.632896,0.420814
-4.963,-1.65138,49.5039,-1.38571,0,-0.9,1,-0.724942,0.684549,0.0764953
-21.7834,0.72775,27.1724,-0.264396,0,-0.8,0,-0.189106,-0.482021,0.855508
5.61137,-13.613,29.9215,0.880863,0,-3.9,0,-0.468633,-0.685618,-0.557056
13.1775,10.6364,49.9961,0.245955,0,4.2,0,0.174564,0.716595,-0.675292
26.2057,4.63175,27.6674,0.409192,0,-3.9,0,0.0115464,0.9144,0.404648
1.34787,4.58362,21.9923,-1.0771,-0.580667,1.9,0,0.816807,-0.573752,-0.0602947
18.307,7.768,41.781,-0.200112,-0.414224,-3.5,0,0.382362,0.58181,0.717842
-22.0409,0.5245,31.3626,0.00221666,0,4.2,0,-0.656686,-0.547307,-0.518863
-17.114,3.2535,34.555,0.466237,0,4.05922,0,-0.254524,0.145199,0.956104
0.989,23.2939,32.367,-1.70011,0,-3.5,0,0.535495,0.374605,0.756912
-3.772,14.2875,-3.053,2.45696,0,-3.9,0,-0.594306,0.23639,-0.768714
-8.34475,1.39513,26.2589,-0.469582,-0.227453,3.8,0,-0.384273,-0.894646,-0.227909
-2.84838,20.7768,8.47213,0.328348,0,4.2,0,-0.0834962,0.464434,0.881663
-9.53413,10.6214,-2.53925,-0.13189,0,-3.5,0,-0.690756,0.147287,-0.707928
9.25737,8.33638,59.6324,-0.6735,0,-3.5,0,-0.271779,0.740059,0.615182
-22.4552,4.79725,4.14775,0.92769,0.0901163,-3.9,0,-0.0157685,-0.394903,-0.918587
-8.4655,2.474,32.9866,-0.00178521,0,-1.3,0,-0.225026,-0.313152,0.922659
12.7185,0.0365,23.565,0.543548,0,-1.3,0,0.696406,0.652788,-0.298139
-0.090625,4.15588,44.2998,0.412925,0,-0.335592,0,-0.16884,-0.604137,-0.778789
-3.006,-7.783,2.25325,-1.71681,-0.622009,-3.5,0,0.754974,-0.655722,0.00654936
29.1275,-5.68125,8.338,0.0120838,0,1.8,0,-0.266189,-0.856202,-0.442789
-26.9618,10.9338,39.0739,-1.52437,-0.506307,-3.5,0,-0.864997,-0.294714,0.406108
1.627,-9.97138,40.1116,0.130359,0,-3.9,0,-0.827897,-0.553512,-0.0906147
-22.9985,5.32062,38.0622,-0.399728,0,-0.794348,0,-0.941512,-0.220948,-0.254434
30.3407,-0.467625,16.2283,0.733383,0,2.5,0,0.760121,0.339037,0.55432
14.3713,-6.34762,49.3484,0.873505,0.700897,1.8,0,0.745044,0.563695,0.356591
16.1325,19.4569,16.0769,-0.174367,0,-3.5,0,0.764035,0.184672,-0.61818
-22.2934,22.6489,34.4036,-0.479148,0,-3.5,0,0.0631487,0.997117,-0.0420609
20.564,4.2805,37.1715,1.27231,0,-3.9,0,0.240231,-0.596881,0.765521
20.2169,-11.0318,38.1939,0.227191,0,-1.6,0,0.529211,-0.843459,-0.0922638
14.0922,16.766,14.8371,-0.7159,-0.287156,-3.5,0,0.300634,-0.200883,-0.932344
22.3762,-7.57463,15.8368,-0.937356,0,-0.718118,0,0.625218,-0.751923,0.209079
0.48625,20.8519,22.6416,-2.00523,-0.217834,-3.5,0,0.0327775,0.522646,-0.85192
-6.997,7.813,-0.97375,-0.267714,0,-3.5,0,-0.331488,-0.524111,-0.78449
10.0979,8.51325,8.84062,1.46993,0.725877,-3.9,0,-0.0225574,-0.83746,-0.546034
12.32,11.2025,37.544,-1.0236,0,-1.3,0,0.238227,0.944221,0.227365
5.99687,-4.311,30.0216,0.203365,0,1.8,0,0.43844,-0.799221,-0.411116
3.404,17.525,47.8581,0.0635343,0,-1.6,0,-0.2807,0.784566,0.552868
0.450625,11.3652,-2.58225,-1.27858,-0.163875,-3.9,0,0.597279,-0.28303,-0.750434
5.29825,14.5485,8.50875,-0.86764,-0.196482,-2.85724,0,0.172201,0.672992,-0.719325
-3.75237,10.6873,49.4075,0.340158,0,-3.9,0,-0.606511,0.271153,0.74741
-28.7609,11.4466,46.674,0.0103042,0,1.8,0,-0.775071,0.256929,0.57728
22.5173,-12.0717,42.2082,-0.775717,-0.330272,-3.3673,0,0.756938,-0.572509,-0.315086
8.76363,-2.928,58.5677,0.0859274,0,-3.5,0,-0.206299,-0.268653,0.940886
-6.67025,-8.2195,51.0137,0.122078,0,-0.4,0,-0.976806,-0.176646,-0.121019
14.117,5.526,45.9135,-0.215518,0,4.2,0,-0.381313,0.851708,0.359435
2.31675,3.6395,-2.07488,-0.330896,0,-0.9,1,0.736586,-0.343933,-0.582367
0.6035,-3.26213,-0.68075,-0.0460316,0,-0.4,0,-0.222314,-0.246131,-0.943396
22.7009,1.39125,16.8167,0.0130817,-0.143293,3.47019,0,0.440067,0.897314,0.0341801
-17.1238,8.45825,5.68525,0.0874292,0,1.8,0,-0.515529,0.737469,-0.436314
10.5426,-5.71938,29.4936,0.0370369,-0.0909285,1.06696,0,-0.750583,-0.280854,-0.59812
12.7254,0.9195,55.0853,1.22263,0,1.13012,0,0.919794,-0.373798,-0.119394
-6.88538,6.63338,32.3159,0.450703,0,-1.3,0,0.436887,0.877351,0.198458
15.3559,-11.8193,34.6545,0.543213,0.378224,-0.169414,0,0.677118,-0.529974,0.510528
18.9951,-0.0075,49.6598,-0.395005,-0.00244313,2.1739,0,0.709373,-0.295604,0.63985
12.87,-16.2586,48.6681,-1.35825,-0.0280108,-3.5,0,-0.685212,-0.656025,0.31641
36.4359,-0.73025,10.598,-1.65042,-0.299216,-1.6,0,0.458785,-0.139325,-0.877556
3.01087,3.21487,9.00138,0.057268,-0.168325,-1.37834,1,0.921612,0.0817075,0.379415
14.4116,11.1404,18.8506,0.122553,0.0896134,-2.27353,0,0.841706,-0.137112,-0.522238
-9.94925,9.41275,-1.2165,-0.714611,0,-3.5,0,-0.708724,-0.260121,-0.65578
18.87,-10.334,19.4235,0.260765,0,4.2,1,0.218749,-0.699153,-0.680687
22.7551,-4.12525,38.9987,0.523394,0,-3.54565,0,0.808583,0.565274,-0.163274
-14.1029,3.32238,4.58138,-2.38721,-0.346492,-3.5,0,0.0712521,-0.996473,0.044329
2.31487,20.1394,15.4181,0.112035,0.693495,-0.7,0,-0.644302,0.101882,0.757954
7.11625,-11.9419,28.3857,0.505858,0,-3.9,0,-0.0802297,-0.342834,-0.935964
18.998,11.4368,33.5595,0.334536,0.0264468,4.5,0,0.928439,0.34967,-0.125424
-24.0758,19.0135,43.939,0.2009,0,-1.6,0,0.762402,0.534865,-0.36423
19.5233,0.247562,25.7761,1.21881,0.669874,0.293502,0,0.0352543,0.5581,-0.829024
7.32425,8.24813,56.6367,0.205258,0,-3.5,0,-0.8637,0.463331,-0.198358
-19.861,19.2025,25.5875,0.372167,0,-0.7,0,0.674605,0.721,0.158326
15.5315,-15.776,46.3262,-0.273588,0,-3.5,0,0.324802,-0.881063,-0.343848
19.9338,-6.298,12.7855,0.445014,0.0153205,1.35163,1,-0.799934,-0.351393,-0.486445
5.98138,9.04163,8.88912,0.457993,0,0.801167,1,0.664527,-0.623034,-0.412593
-23.2005,7.1365,22.8102,0.362568,0.293148,-3.5,0,-0.669882,-0.725876,-0.156084
12.5655,-3.6045,55.98,-0.750403,0,-3.5,0,0.848653,-0.223898,0.479226
10.9165,-4.63538,23.1885,0.349728,0,-1.3,0,-0.345896,-0.938054,-0.0202737
16.9995,-8.55675,48.801,0.0566719,0,1.8,0,0.732805,0.210851,0.646946
4.352,12.5481,6.4335,-1.22342,-0.215769,-3.9,0,-0.0329168,0.607516,-0.793625
-6.62337,16.5634,13.7071,0.153387,0,2.14,0,0.368581,0.917002,-0.152498
31.3,-7.8605,21.446,2.52818,0.237651,-3.9,0,-0.850482,-0.443297,-0.28314
32.6987,1.367,31.7315,1.78761,0.0960364,-3.9,0,0.871456,-0.490441,0.00565499
-1.1005,-3.15738,7.0215,0.304749,0,-0.7,0,0.139482,-0.963626,-0.227968
-22.9296,9.17475,31.8261,0.0805876,0,-0.502239,0,-0.916399,-0.388975,-0.0943966
27.5674,-3.766,32.0998,-1.54834,-0.17591,-0.7,0,0.433823,-0.611206,0.661986
-14.0019,20.6424,22.0989,3.09399,0.389177,-3.9,0,-0.230552,0.934711,0.270483
-12.5395,7.6335,29.0748,-0.0756251,0,-0.7,0,0.311897,0.0722553,0.947365
17.9067,-2.11663,48.5477,0.146559,0,4.2,0,0.0967958,-0.836117,0.539943
-19.9207,6.04175,19.1076,0.0250737,-0.0680473,3.36682,0,-0.950982,-0.115045,-0.287049
28.0338,2.67563,29.944,0.681886,0,-0.7,0,-0.264507,0.962459,0.0609016
14.6195,12.473,22.3369,-1.02096,-0.0483045,-1.01966,0,0.705681,-0.567982,0.423568
11.13,9.78213,12.1175,1.98539,0.510701,-3.9,0,0.352968,0.0344548,0.935001
8.33175,-15.7692,34.591,3.04077,0,-3.9,0,-0.35729,-0.624491,0.694518
8.76,-16.2367,31.1027,1.17914,0,-3.9,0,-0.319043,-0.683298,-0.656746
-15.5916,2.4865,36.5088,1.13118,0.620435,-4.5,0,-0.550149,0.260229,0.793484
-0.776875,8.38825,16.402,0.409875,0,4.03752,0,0.889317,-0.204611,-0.408962
-15.6685,-2.778,15.0107,-1.37878,-0.0735637,-3.5,0,0.131647,-0.436426,-0.890057
8.93913,19.2188,19.7125,0.259262,0.150967,-3.5,0,0.326415,0.0326858,0.944661
3.667,-10.9765,38.0353,0.705472,0.723668,-3.9,0,-0.965813,-0.0739591,-0.248465
8.68975,14.2343,37.1847,-0.379601,0,4.2,0,0.186405,0.75186,0.632423
-3.622,2.94937,-2.85063,0.104792,0,-1.6,0,-0.00207712,-0.395419,-0.918498
-5.12125,22.1443,29.0287,-1.29171,-0.370291,-3.5,0,-0.751919,0.201466,0.627718
-25.9645,20.5035,34.917,-0.786222,-0.16908,-3.83281,0,-0.184185,0.863847,0.468875
-17.7549,3.57312,29.8967,-0.768263,0,3.13394,1,0.115112,-0.987531,-0.10739
-21.5732,2.5365,20.2598,-0.18188,-0.158261,4.2,0,-0.690549,-0.0495162,-0.721588
-25.1314,6.36613,29.2215,0.17915,0,-1.01454,0,-0.801824,0.324935,0.501493
-4.48725,21.5604,3.43738,1.75555,-0.553874,4.2,0,-0.910973,0.280988,-0.301949
-2.68112,-1.56475,44.4254,-0.687687,-0.0412423,-0.4,0,-0.45165,0.132573,-0.88229
-2.31087,23.1001,6.32338,0.497323,0,2.61029,0,0.173789,0.651344,0.738612
-8.411,-0.437875,6.1965,-0.631382,-0.00432085,-1.3,0,-0.184427,-0.697656,-0.692288
-22.8902,11.7949,15.288,-0.250755,-0.185381,-3.5,0,-0.611312,0.78496,-0.100674
-5.336,13.7847,-1.86,2.4048,0,-1.6,0,-0.201015,-0.00389024,-0.97958
3.98725,-13.0335,32.376,1.60499,0.650681,-3.9,0,-0.965247,-0.253962,-0.0616491
-3.16088,-1.42087,2.6485,-0.108025,-0.245276,-3.5,0,-0.734297,0.121611,-0.667847
1.24775,21.047,42.9917,0.536443,0.03636,-3.5,0,0.694189,0.502542,0.515319
-32.503,19.7682,40.204,-1.51134,-0.330078,-3.5,0,-0.767586,0.585433,-0.260921
-7.806,5.5985,27.822,0.695271,0.586319,-0.182547,0,0.343268,0.922141,0.178389
11.0445,10.2406,53.6855,0.220555,0,4.2,0,-0.757291,0.637781,-0.140519
-7.5795,18.9217,27.9915,0.0908773,0,4.5,0,-0.4093,0.0151913,0.912273
12.8974,12.6521,54.9053,1.09703,0,-0.8,0,-0.83309,0.540356,-0.118224
10.7966,-11.1994,30.0317,0.334283,0,-3.9,0,0.267715,-0.305278,-0.913857
-13.5234,0.622625,32.0969,0.809207,0,-4.5,0,0.0458549,-0.567133,-0.822349
27.0975,-6.29325,27.2932,0.124522,0,3.8,0,0.410937,-0.562612,-0.717355
7.14675,-0.729,58.5807,0.240533,-0.0284644,-3.5,0,0.0703124,-0.440838,0.894828
23.9975,-6.6665,15.5505,-1.51646,-0.152772,-0.7,0,0.615174,-0.663862,0.425263
8.0435,11.8816,39.5013,-0.343698,0,-1.3,0,0.755109,0.501992,0.421681
17.6179,6.22262,48.1981,0.339427,0,4.2,0,0.207108,0.837094,0.50634
15.7404,-8.72663,49.7115,0.235857,-0.135449,1.8,0,0.779764,0.332198,0.530672
-12.7164,-4.64913,23.7453,0.364102,0,-3.9,0,-0.362589,-0.423495,0.83017
11.1905,10.3055,50.3332,0.107187,0,4.2,0,-0.492745,0.836829,-0.238579
10.1636,-15.4078,35.3255,0.74334,0.916276,-3.9,0,0.117403,-0.783152,0.610647
12.5323,-13.2832,48.7505,-1.35952,-0.548203,-3.5,0,-0.942119,0.215812,0.256585
17.7469,-11.2884,39.9071,0.173237,0,1.76378,0,-0.000857994,-0.923196,-0.384328
-20.2325,14.6418,40.5795,-0.618176,-0.411811,2.5,0,0.74384,0.551991,0.37684
-0.52125,-0.035,30.642,-1.52159,-0.887581,-3.5,0,-0.0038684,-0.371325,0.928495
34.837,-2.201,11.771,-0.83304,-0.0548066,-1.3899,0,0.391403,-0.906374,-0.159028
10.8673,-5.57062,55.1838,-1.58569,0,-3.5,0,-0.0339216,-0.912145,0.408462
-1.09775,-2.23025,42.8423,0.277293,0,-1.6,0,-0.959059,-0.174391,-0.223147
15.9528,7.85313,52.7972,0.568963,0,4.2,0,0.954117,-0.221632,0.201348
23.8949,-7.9725,19.2331,0.635209,-0.102687,-0.8,0,0.578151,-0.803914,0.13951
9.91825,-6.9895,29.824,0.1394,0,-3.9,0,-0.510198,0.320108,-0.798266
-0.743625,4.74825,47.7954,0.216066,0,3.8,1,-0.910928,0.251227,0.327253
-2.36475,17.2472,4.02925,0.249084,-0.188476,-3.5,0,0.629862,-0.657156,0.414029
19.784,2.59162,47.546,0.174442,-0.478384,4.2,0,0.974434,0.0264101,0.223115
4.31775,20.903,34.2212,0.441902,0,-3.9,0,-0.392328,0.895815,0.20879
4.12,-6.77812,34.3234,0.112878,-0.898089,3.8,0,-0.672036,-0.0545274,-0.738508
30.0935,-4.64738,20.329,0.189786,0,-3.77272,0,-0.417106,-0.908857,-0.00150558
25.9114,-5.46688,9.2275,-0.00241716,0,1.9,1,0.494467,-0.398806,-0.772306
-5.35825,-2.58225,48.2547,-0.0670452,-0.272882,-0.826077,1,-0.920885,0.383092,0.0721944
19.5105,-4.2835,18.1715,-0.340376,0,3.13246,0,-0.999143,0.00128204,-0.041378
-27.8834,14.6881,36.7274,0.191409,0,-3.5,0,-0.846202,-0.499455,0.185704
-8.18888,14.8921,3.84,0.368555,-0.595412,-4.14678,0,-0.443671,0.364907,-0.818535
0.0845,1.13725,52.891,-0.125497,0,2.8,0,-0.0362326,0.80265,0.595349
16.1332,12.969,21.1357,-1.83897,-0.246007,-3.5,0,0.90367,-0.412615,0.114584
9.7555,0.1255,28.6467,0.342226,0,3.8,0,0.327774,0.905141,-0.270712
-20.0711,2.43963,4.27488,-0.349677,0,-3.5,0,-0.847275,-0.078537,-0.525316
20.9465,-6.29075,11.2432,1.00364,0.761315,1.9,1,-0.714846,0.110588,-0.690483
1.533,19.1004,31.9241,-1.53764,-0.447431,1.8,0,-0.558058,0.406295,0.72353
-4.44825,8.97475,28.1566,-1.58749,-0.91061,-3.5,0,-0.342916,-0.889799,0.301107
23.1285,-1.1695,22.7975,0.401011,0,-3.2,0,-0.309711,0.950485,0.0256265
-21.7395,14.5429,42.4147,-0.464726,0,2.5,0,0.61463,0.520367,0.59283
-12.5022,5.8235,-0.62675,-0.042073,0,-3.5,0,0.339018,-0.548016,-0.764687
23.6443,-10.001,14.1877,0.159101,0,1.9,0,0.534667,-0.15623,0.830496
23.2805,-10.1715,43.4295,-1.12644,0,-3.5,0,0.410171,-0.251837,0.876549
-0.1145,-5.76587,37.2547,0.364978,0,-3.5,0,-0.990768,-0.0477342,0.126889
-2.43438,-0.502625,45.0511,-0.365549,-0.784286,-0.413221,1,-0.508593,0.821395,-0.258156
-11.0092,-2.25225,23.7253,0.290869,0,-3.9,0,0.300782,0.118629,0.946286
-1.1635,4.63425,43.2907,1.27459,0.150214,-3.5,0,-0.000742652,-0.972261,-0.233896
20.271,-8.685,15.192,-0.590841,-0.0128792,-0.8,0,-0.55343,-0.771573,-0.313673
16.1139,-3.72662,19.5814,1.35523,0.253599,-4.5,0,0.640705,0.509549,-0.574332
-16.8662,10.3997,34.0052,0.651739,-0.0969525,-3.2,0,0.76776,0.639991,-0.0309356
24.823,-2.40675,8.3135,0.161803,0,1.9,1,-0.13821,0.11652,-0.983525
-18.9894,3.47438,3.84475,-0.359798,0,-3.5,0,-0.428755,0.349401,-0.833119
13.3162,8.6675,25.7684,0.532576,0.442257,-4.5,0,0.455093,-0.346767,-0.820148
-3.17062,18.6025,29.0641,-0.267197,0.247712,-3.94748,0,-0.273603,0.42173,0.864457
-4.19838,0.725375,26.6108,0.618119,0.522391,1.26558,0,-0.363014,-0.929098,0.070693
-14.8647,8.74337,5.04688,0.761454,0.741973,1.8,0,-0.19103,0.928201,-0.319298
24.2336,-6.56475,20.5264,0.370717,0.0324851,-3.10539,0,0.626534,-0.688657,0.364975
25.0007,-7.49,13.0475,0.0685791,0,1.9,1,0.825915,-0.474933,0.303813
-26.9548,15.284,27.5615,0.363118,0.503073,-3.5,0,-0.424632,-0.383542,-0.820111
-15.4847,7.98625,2.8755,0.314766,0.446278,-2.41755,0,-0.87799,0.461532,-0.126973
1.08938,15.9024,7.64725,-0.0607082,0,-3.5,0,0.606642,0.327871,-0.724214
19.808,-12.484,40.762,-0.919068,-0.396745,-0.4,0,-0.0770981,-0.720149,-0.689523
6.343,20.6024,32.4596,0.47158,0,-3.9,0,0.276561,0.713637,-0.643611
-15.4575,17.0462,9.47262,0.167857,0,4.2,0,-0.660036,0.725253,-0.195858
-3.977,-4.6725,44.9115,0.456874,0,-0.7,0,-0.645494,0.282683,-0.709527
-1.56275,20.0521,38.0145,-0.384155,0,-3.5,0,0.333101,0.684172,-0.648808
4.6735,17.4805,36.868,0.0474097,0,3.8,0,0.459377,0.639814,0.616126
-0.320375,-11.1993,46.8255,-0.0870752,0,-3.5,0,0.613548,-0.352291,-0.706718
-17.3356,-5.06862,21.6946,0.272271,0,-3.9,0,-0.425893,-0.530778,0.732728
-28.2191,15.9051,27.3216,-0.771501,-0.881779,-3.5,0,0.0512039,-0.590586,-0.805348
-1.02338,-5.53425,41.7695,-0.667287,-0.958754,-0.7,0,-0.000700163,0.331228,-0.94355
-1.9695,7.9585,11.905,0.199809,-0.29679,1.95738,0,0.884738,-0.393118,0.250393
-3.85713,17.2866,13.7961,0.461315,0.696726,-3.08806,0,-0.463298,0.837361,-0.29014
-27.889,4.315,26.427,0.448166,0.649089,-0.8,0,-0.925471,-0.375673,-0.0487107
-28.871,21.291,43.1572,-2.5139,0,-3.5,0,0.595688,0.712801,0.370229
3.40887,0.73,32.6526,-0.415484,-0.0364281,3.25471,0,-0.860815,-0.505116,0.0620925
-24.361,10.707,14.321,-1.25504,-0.191208,-3.5,0,-0.938853,0.187446,0.288824
-4.08825,23.2155,29.18,-0.0340767,0,-3.5,0,-0.83849,0.463672,0.286257
-23.1285,1.49875,22.566,-0.651125,-0.88956,3.89555,0,-0.886701,-0.287523,-0.362067
-1.74937,17.6785,16.1268,-0.31823,0,-0.294494,0,0.609585,0.789552,0.070809
15.7571,-7.36338,49.04,1.03907,0,1.8,0,0.509947,0.479921,0.713884
30.1305,-3.44988,13.6012,0.376161,0.00484171,2.5,0,0.0994978,-0.929152,0.356057
-23.7636,23.3748,27.4626,0.351691,0,-3.9,0,-0.118735,0.968055,0.220842
5.83425,4.2225,17.247,1.35177,0.222333,-4.5,0,-0.56333,-0.826122,0.0134958
20.629,6.9185,35.6878,0.783959,-0.170501,-3.73559,0,0.453032,0.876504,-0.162799
-18.715,5.98325,35.4328,-0.155038,-0.115552,0.241726,0,0.851894,-0.299076,0.429919
-3.4675,22.16,18.831,-1.29993,-0.0330044,-3.5,0,0.729356,0.269107,-0.628984
-16.3734,-3.37812,15.7135,-0.674776,0.278781,-3.6374,0,-0.393182,-0.528146,-0.752642
-29.8215,17.9762,45.7082,-0.331706,-0.00734086,-1.6,0,-0.414588,0.391309,0.82158
-4.498,5.505,39.0205,0.424048,0,-4.5,0,-0.923394,-0.299648,-0.239908
-5.39187,23.1763,17.8006,-1.73862,-0.0533526,-3.5,0,0.0491361,0.490677,-0.869955
-17.5591,11.67,30.5856,0.332341,0,4.2,0,0.417078,0.296122,0.859277
29.4186,3.59375,30.1537,0.874609,0,-3.9,0,-0.601777,0.77513,0.192451
1.38125,11.5962,2.03787,0.0723271,0,4.5,0,0.932771,0.320828,-0.164341
-22.0884,3.93925,4.90912,0.878844,0.203538,-3.9,0,-0.275901,-0.876305,-0.394928
-21.259,5.787,42.657,0.594239,0,1.08118,1,0.483225,-0.380429,0.788522
15.489,-9.94825,51.526,0.0610019,0,-3.5,0,0.89814,-0.381091,0.21935
-16.7585,11.2603,40.417,0.0659347,0,3.8,0,-0.205279,0.636549,0.743415
-4.7635,27.0834,19.162,2.98885,0,-3.9,0,-0.272887,0.551027,-0.788607
11.1202,-5.74825,18.8573,0.586992,0.239487,-4.5,0,-0.927077,0.0601584,-0.370012
-20.5847,13.6221,21.8684,0.193052,0.0321643,-1.24577,0,-0.342775,0.573077,-0.744371
0.02225,-3.68388,9.75438,0.596685,0.0245397,-0.7,0,0.290219,-0.955377,0.0550259
-3.58862,25.0085,4.71637,3.5921,0,-0.8,0,-0.61631,0.45484,0.642871
25.6995,6.01325,23.5753,2.95091,0,-3.9,0,-0.421742,0.905406,0.0487133
31.6836,5.95925,20.9849,-1.50809,0,-3.5,0,0.776311,0.500814,-0.382787
-28.2961,20.2764,43.8426,-0.424624,0,-2.23347,0,0.136101,0.904166,0.404921
11.5006,-5.49188,21.9215,0.63901,0.186977,-4.5,0,-0.553964,-0.685669,0.472209
3.12425,6.709,2.29125,-0.0330086,0,2.8,0,0.381514,0.711714,-0.589839
3.34387,23.2194,14.7432,0.179388,0.313064,-0.7,0,0.00306847,0.906551,0.422086
-6.04287,26.0334,21.2245,1.34446,0,-3.9,0,-0.953829,0.300024,-0.0139798
-23.8237,4.38625,6.6985,0.216434,0,-3.9,0,-0.684912,-0.725615,0.0661644
-26.6665,1.1565,41.2542,-0.484268,0,1.9,1,-0.927082,0.0923388,0.363307
-30.4579,11.6401,31.478,2.26756,0.323465,-3.9,0,0.196118,-0.617691,-0.761574
21.7227,-11.8822,10.6615,-0.772271,0,1.9,1,0.0253753,-0.491123,-0.870721
18.6677,-12.7683,32.4945,-0.329506,-0.106863,4.2,0,0.537216,-0.512734,0.669704
3.42762,0.443125,1.4445,-0.171701,0,-0.9,1,0.877798,0.174338,-0.44618
18.6653,7.75,30.7911,0.217324,0,4.5,0,0.315826,-0.385808,-0.866837
2.37575,3.11812,52.5105,-0.0103419,0,4.5,0,-0.762688,0.585171,0.275467
10.796,-5.786,27.201,-0.345709,-0,-1.3,0,-0.0896217,-0.955209,-0.282035
-0.62425,24.9265,41.9121,-1.85799,-0.248051,-3.5,0,-0.0512425,0.842417,0.536384
35.3232,2.89438,13.7603,0.618914,0,-1.6,0,0.221634,0.909097,0.352733
13.2054,11.388,51.663,0.552203,0,4.2,0,-0.0676488,0.939725,-0.335173
16.4102,-5.43162,19.3936,0.51912,0,-2.25668,0,0.447791,0.189121,-0.873909
-24.8246,4.69925,25.235,-0.533059,-0.0287231,-0.8,0,-0.162945,0.403082,-0.900541
24.4785,3.94488,29.3498,0.731622,0,2.8,0,0.463089,0.829299,0.31275
20.4585,-11.883,11.781,-0.589894,0,1.9,1,-0.871741,-0.290352,-0.394669
-9.14363,20.8914,25.1742,0.154246,0,4.5,0,-0.614659,0.759135,0.214261
9.78775,-0.4865,57.8232,2.09852,0,-3.5,0,0.238637,-0.000556778,0.971109
15.4109,7.78312,41.8942,0.0510688,0,-3.16604,0,-0.0309192,0.399731,0.916111
9.934,6.81275,16.5,0.638242,0.146557,-4.5,0,0.962378,0.0190177,0.271049
14.6554,12.6824,39.5563,-1.77994,0,-3.5,0,-0.784584,0.411193,0.464057
38.2798,-2.365,15.425,-0.85318,-0.00693168,-3.5,0,0.794447,-0.586523,-0.157623
7.394,19.1595,35.9995,2.64601,0.0431356,-3.9,0,0.704553,-0.0905397,0.703852
26.3843,-0.49025,9.3705,0.115861,0,1.9,1,0.154494,0.0312312,-0.9875
32.6258,3.2095,24.641,0.223303,0.116923,-3.61527,0,0.846963,0.401897,0.348041
6.85575,19.0742,8.94038,0.112996,0,-1.6,0,-0.231046,0.0426216,-0.972009
-29.8395,16.2861,27.0155,-1.76718,-0.110816,-3.5,0,-0.670334,-0.548523,-0.499775
20.8136,8.97013,40.7163,1.28261,0.870374,-3.5,0,0.457716,0.429904,0.778254
-28.3285,20.076,40.4685,0.789912,0,-3.66954,0,0.971681,0.227369,0.0643324
11.2133,8.31825,59.3854,-1.22367,-0.160108,-3.5,0,0.538131,0.66095,0.523029
28.3552,-6.83262,29.2454,0.0655226,0,3.8,0,0.781011,-0.621898,0.0571275
-15.0837,8.97713,41.6424,0.113186,0,3.8,0,-0.0310977,-0.057843,0.997841
5.387,3.373,26.404,0.770251,0,-3.9,0,0.583722,-0.412797,-0.699191
-10.54,6.7575,1.005,-0.766674,-0.572937,-3.27917,0,0.207857,-0.464747,-0.860701
-9.6015,4.27275,1.546,-0.209531,-0.216447,-1.4138,0,-0.105158,-0.204394,-0.973224
-3.03,22.0814,7.48712,0.547058,0,4.2,0,-0.406007,0.674902,0.61617
5.29838,4.37388,5.033,0.296658,0,2.8,1,0.978346,0.0209262,0.205913
6.867,17.8037,9.37938,-0.00717373,0,-1.6,0,-0.0509139,-0.493772,-0.8681
-13.2355,14.4766,27.1019,0.338946,0,2.8,0,0.558563,0.4359,0.70569
28.818,5.18213,24.7146,0.117374,-0.666553,-3.57505,0,0.0824069,0.835488,0.543295
1.71862,1.34238,54.8457,-1.47543,-0.797075,4.5,0,-0.547339,0.676442,0.492795
-11.4388,19.9449,8.83737,0.214733,0,4.2,0,-0.530876,0.641492,-0.553768
16.9435,16.8086,38.9421,1.66264,0,-3.9,0,-0.726602,0.434661,0.532089
11.0324,10.4192,46.2072,-0.933575,-0.158101,-3.5,0,0.763098,0.599984,0.240211
32.401,4.1615,11.4339,0.164378,0,-1.6,0,-0.153704,0.916449,-0.369454
6.869,7.404,57.5848,0.19187,0,-3.5,0,-0.963657,0.170071,0.206013
-24.9604,5.47288,45.3635,-1.70676,-0.511493,1.9,1,-0.157721,-0.306727,0.938639
9.024,1.17175,21.7384,-0.0953086,0,-1.3,0,0.108821,0.558378,-0.822419
12.3655,9.29438,11.0565,2.82438,0,-3.9,0,0.850519,-0.184347,0.492578
3.9575,-2.0595,27.118,0.874852,0.052854,-3.13596,0,-0.224439,-0.873608,-0.431783
-23.9175,5.11788,10.5579,0.0156279,0,-0.4,0,-0.793093,-0.461549,0.397463
2.24175,4.58825,38.0923,0.414034,-0.463712,-0.296434,0,-0.13053,-0.654974,0.744292
-2.97662,-2.92563,16.5419,0.237618,0,-3.5,0,0.52617,-0.824079,0.209855
7.34625,-8.389,29.4755,0.307992,0,-3.9,0,-0.381976,0.639851,-0.666847
-17.846,3.53437,13.8693,-0.26234,0,-0.137015,0,-0.354245,-0.907948,0.223922
7.3665,-10.0813,47.1456,0.0850913,0,-1.6,0,0.0373092,-0.824477,-0.564664
23.426,-4.31075,41.4725,0.898227,0.806739,-3.9,0,0.909993,0.302869,0.283167
-20.0116,3.63425,18.391,0.19126,0,-0.530531,0,-0.804649,-0.453399,-0.383365
22.0275,-11.3045,41.095,-1.17896,0,-3.5,0,0.306927,-0.566521,-0.764755
-7.0115,4.471,33.44,0.271094,0,-1.3,0,0.0923238,0.257705,0.961803
24.8587,-10.5544,35.8015,0.55286,0.0590297,-3.5,0,0.710111,-0.453192,-0.53885
-14.0133,13.346,28.026,-0.081474,-0.67829,0.333065,0,0.477307,0.494005,0.72673
34.7045,1.30387,23.3407,-1.46908,-0.158006,-3.9,0,0.698566,0.25232,0.669582
16.6235,12.1519,41.1978,-1.78289,0,-3.5,0,-0.238806,0.255068,0.936969
-24.8401,10.802,12.9657,-2.12575,-0.698767,-3.5,0,-0.967572,0.22265,-0.119298
14.611,-11.364,49.4635,-0.861907,-0.00103748,1.8,0,0.320622,-0.52826,0.78622
23.913,-5.70175,23.1309,0.452087,0,-1.6,0,0.714141,-0.699709,-0.0202256
17.452,-11.1484,38.6538,0.154563,0,-1.6,0,-0.109189,-0.99329,0.0381012
-17.6682,0.8555,32.258,0.219774,0,4.2,1,0.460957,-0.697659,-0.548444
-1.707,18.7749,18.8086,-0.328349,0,-1.3,0,0.656758,0.754012,-0.011594
-25.7792,6.59438,44.357,-0.409067,-0.249075,1.9,1,-0.925812,-0.169527,0.337836
-18.9649,4.96475,35.9215,0.215455,0,-0.8,0,0.885073,-0.370753,0.281403
15.7139,12.8868,56.2074,1.85501,0,-0.8,0,0.520481,0.719143,0.460362
-1.0765,-1.53,41.846,0.305263,0,-1.6,0,-0.897504,0.0125355,-0.440828
24.8001,-5.429,38.6269,-0.0225534,0,-3.5,0,0.800829,0.590593,0.0993606
-9.74712,0.080375,9.37325,0.320824,0.19494,-1.3,0,-0.923601,-0.123035,-0.363075
22.804,0.889125,15.8016,0.0644285,-0.625249,2.05412,0,0.134178,0.646999,-0.750592
-1.96137,22.7981,38.4716,-2.33872,-0.113426,-3.5,0,-0.216526,0.062126,-0.974298
14.3573,14.6745,16.1973,-1.21068,-0.548361,-3.5,0,0.27102,-0.834414,-0.479898
2.21163,3.33387,37.5042,0.535331,0.0632724,3.01573,0,-0.504825,-0.536569,0.676199
9.28894,13.0669,7.54775,0.154598,0,-3.9,0,0.375021,0.778682,-0.503004
-15.5575,12.3127,29.7638,0.44271,0.181097,0.177517,0,0.413558,0.12942,0.901233
-17.7377,3.12575,2.76,-1.84117,-0.0832443,-3.5,0,-0.341689,0.517195,-0.784702
-5.418,1.01538,27.4219,0.353837,-0.471118,-0.0481768,0,-0.0747554,-0.992784,0.0937646
-18.9891,4.33,41.4785,0.199565,0,-0.7,1,0.0678327,-0.714562,0.696275
11.8485,8.9085,22.2485,-0.194993,0,-0.8,0,-0.0882644,-0.959898,0.266094
-22.4915,0.48325,21.792,-1.08906,-0.0764883,4.2,0,-0.544764,-0.747069,-0.380946
29.1222,-4.34662,12.3841,-0.0727532,-0.487109,2.20478,0,0.358448,-0.760399,0.541579
-10.899,5.965,31.2043,0.403096,0,-1.3,0,-0.408097,0.778913,0.476185
8.01488,10.2056,23.0134,0.31458,0,-0.561521,0,0.0102705,-0.922223,-0.386521
-9.23637,17.0206,26.7174,0.214412,0,4.45934,0,-0.451781,-0.206891,0.867808
4.15575,-0.68325,5.06475,0.0333487,-0.0297962,-0.9,1,0.800307,-0.515327,-0.306507
11.8496,8.96887,44.0451,0.407437,0.513169,-3.5,0,0.845633,0.493118,0.204302
-21.24,7.183,44.8515,0.17515,0,1.9,1,0.644311,-0.694391,0.320445
-22.2649,8.98987,46.5614,0.152151,0,1.9,1,0.327497,-0.14832,0.933138
9.07425,11.037,39.2935,-0.251206,0,3.83504,0,0.293784,0.813253,0.502305
9.03175,-9.638,52.0965,0.175919,0.00985887,-1.70965,0,-0.253152,-0.525262,0.812413
6.76975,10.2346,47.1674,-0.153504,-0.506218,3.10373,0,-0.186913,0.465084,0.865309
-18.601,14.102,31.0465,0.319465,0,0.93792,0,0.652843,-0.396878,0.645201
2.41913,16.125,48.1388,0.124505,0,-1.6,0,-0.694393,0.30169,0.6533
4.47125,-7.925,33.7091,0.0439988,0,-3.5,0,-0.785673,-0.198312,-0.585995
-14.8791,-2.46287,22.2208,0.36826,0,-3.9,0,-0.526703,-0.339235,0.779425
17.8692,15.4309,32.2264,-0.0975817,0,-3.64059,0,0.914375,0.375547,-0.151269
-12.3962,2.25237,3.90788,0.158163,0,-1.6,0,-0.752372,-0.641264,-0.150718
-15.1596,5.08525,34.2416,1.34498,0.0370913,-4.5,0,-0.0430034,0.657101,0.752575
0.86225,-9.02975,38.4417,-1.33675,-0.0443002,-3.5,0,-0.755398,-0.586607,-0.292004
21.3923,-8.599,32.3061,-0.0361037,0,-3.5,0,0.245917,-0.856099,0.454554
6.89888,1.09213,23.9424,1.05272,0,-0.864343,0,-0.289931,0.886966,0.359487
-26.2799,5.6025,28.3446,0.0485047,0,-0.8,0,-0.711045,0.482271,0.511693
12.7365,-3.8275,18.4897,0.154428,0,-4.5,1,-0.443154,0.843799,-0.302683
13.9948,4.08675,57.2516,0.423884,0,-1.6,0,0.894004,0.443743,-0.0620418
8.727,1.25281,59.5082,1.79694,0,-3.9,0,0.436677,-0.432907,0.788609
-6.9985,-2.023,8.75775,0.143934,-0.00792524,-3.72597,0,0.270668,-0.775731,-0.57007
10.3769,9.25,56.7669,0.0479065,-0.308849,-2.38336,0,-0.357384,0.900573,0.247475
-17.6464,4.91038,41.7161,0.145391,0,-0.7,1,0.407066,-0.489852,0.770936
23.1526,-11.9653,11.5599,-0.330896,0,1.9,1,0.728216,-0.422296,-0.539784
-4.61475,-3.9395,14.43,-0.934,-0.359149,-3.5,0,0.325448,-0.941528,0.087224
0.109,22.9007,43.0522,-0.319294,0,-3.5,0,0.436966,0.543983,0.71634
3.72587,0.2915,41.9437,0.189884,0,-1.33383,0,-0.163176,0.982225,0.092774
17.6597,5.36975,49.334,0.355821,0,4.2,0,0.0736921,0.588509,0.805126
7.36675,6.29775,53.4205,0.029561,0,4.5,0,-0.329328,0.938446,-0.104219
2.51975,20.7623,24.026,-2.20816,0,-3.5,0,0.979222,0.00685862,-0.202677
15.4634,-14.1636,31.4557,0.66315,0,-3.9,0,0.434218,-0.843939,-0.314995
-26.1981,9.31675,46.6398,0.558724,0.011807,1.8,1,0.00977481,-0.674767,0.737966
-15.2011,7.96975,41.3289,0.143337,0,3.8,1,0.30933,-0.519362,0.796604
15.4949,-9.25737,20.6957,0.229399,0,4.2,1,-0.971689,-0.209549,0.109135
-0.33275,22.524,25.9344,-0.017719,0.653552,-3.83312,0,0.484012,0.865299,-0.130349
12.956,18.3757,14.3295,-0.127591,0,-3.5,0,0.153227,0.117473,-0.981184
14.726,14.325,54.8037,0.301545,0,-0.8,0,-0.0431087,0.997924,0.0478428
12.5273,20.6806,17.6149,0.656725,0.152641,-3.5,0,-0.130734,0.991008,-0.0285027
35.771,-3.13862,26.6467,-1.94279,-0.279837,-3.5,0,0.700825,-0.477841,-0.529634
25.6238,-7.169,36.3083,0.0104009,0,-3.5,0,0.953412,0.223543,-0.202568
-25.2803,21.0084,32.2769,0.193887,0,-3.52091,0,-0.452887,0.84056,-0.297242
19.9029,-13.8525,29.0298,0.0731044,0,-0.8,0,0.493596,-0.854456,0.162074
-17.2393,-1.17762,15.6108,-0.928207,-0.614908,-3.5,0,-0.677046,-0.327611,-0.658999
16.8997,20.0457,20.7437,-1.83295,-0.757687,-3.5,0,0.617167,0.302292,0.726446
-28.8207,9.70537,45.809,0.02278,0,1.8,0,-0.862804,-0.464394,0.199768
-18.3768,2.054,11.739,-0.906923,0,1.9,0,-0.58591,-0.776633,0.231413
-22.6099,20.9505,23.2127,3.66219,0.0480138,-3.9,0,0.178766,-0.337239,-0.924291
17.2136,15.0562,39.7943,1.08088,0,-3.9,0,-0.658632,0.0697584,0.749225
-11.5192,12.9493,4.06675,-0.792002,-0.355396,-4.5,0,-0.820733,0.0612739,-0.568016
9.98975,16.0281,21.4713,-0.141004,0,3.11739,0,0.278901,0.95807,0.0657029
-3.79487,-6.39488,43.1841,0.594173,0.292611,-0.7,0,-0.981208,-0.10959,-0.158813
-23.2081,2.67337,30.057,-1.33192,0,-1.03027,0,-0.560378,-0.824132,0.0823529
-18.2005,10.8335,33.605,0.513668,0.0319635,-3.2,0,0.499049,0.85706,-0.128058
11.7146,12.7723,16.5868,0.53365,0.697192,-3.5,0,0.56032,-0.474059,-0.679198
4.16225,17.6332,27.78,-0.25013,-0.103646,-3.9,0,0.227189,0.966714,0.117682
14.0199,-10.2191,27.2986,0.890817,0.162107,-0.4,0,-0.513545,-0.604352,-0.609122
3.5935,-0.791,0.55775,-1.18694,-0.366257,-0.4,1,0.904894,0.217131,-0.36609
28.4883,-4.2765,15.2854,-0.704444,0,-3.5,0,0.494333,-0.654457,-0.572119
-12.0903,2.4855,25.11,0.0658595,0,-0.509409,0,0.184989,-0.726278,0.662042
16.6835,5.0875,31.1446,0.334824,0,3.8,0,0.765465,0.254787,-0.590886
-6.49975,3.72163,-2.21587,-0.0105213,0,-1.6,0,-0.681082,0.0577852,-0.729924
-6.5675,18.2961,-1.69125,0.759235,0,-1.6,0,-0.380487,0.734651,-0.561709
-0.679375,20.2878,-1.67262,-1.42944,-0.0626027,-3.5,0,0.324647,0.746704,-0.58055
-5.80337,9.88513,26.5882,-0.805322,-0.109768,-3.5,0,-0.586128,-0.804035,0.0999064
29.7254,0.10025,17.8783,0.459823,0,-2.12489,0,0.783316,0.613933,-0.0974831
-26.7399,20.139,45.7714,0.110379,0,-1.6,0,0.0429681,0.898465,0.436938
29.5759,2.3355,15.5336,0.780806,0,2.5,0,0.488102,0.84152,0.231517
-16.2326,0.166875,25.7799,1.17402,0.631086,-0.4,0,0.153164,-0.699316,0.698211
17.7676,12.9945,30.6724,-0.649233,-0.226972,-2.96765,0,0.694136,0.0185444,-0.719605
16.2765,18.9328,21.1653,-2.01697,-0.0655704,-3.5,0,0.267291,-0.272446,0.924299
-20.4155,2.49,19.4075,0.557693,0.143569,4.2,0,-0.654092,-0.154103,-0.740551
3.29725,1.58187,9.50737,-0.987732,-0.0546662,-0.4,0,0.525556,-0.0652424,0.848254
22.7827,-3.47913,35.5122,-0.509358,-0.438708,-3.5,0,0.847533,0.474565,0.237648
24.0975,1.63038,16.0465,-0.674062,-0.344774,2.5,0,-0.339862,0.915375,-0.21583
23.0855,-2.94462,40.2002,3.01579,0,-3.9,0,0.957341,0.1572,-0.242457
3.80025,-13.1791,34.0964,-1.23982,-0.532036,-3.5,0,-0.742023,-0.468093,-0.479886
-6.7,18.9445,8.6465,0.656375,0.0675304,3.34608,0,0.571818,0.810151,0.129147
12.8158,-15.559,45.6476,-0.147252,0,-3.5,0,-0.565573,-0.555499,-0.609548
23.4526,5.94125,35.1815,2.15967,0.8162,-3.9,0,0.855779,0.459663,-0.237389
-7.51263,1.37962,3.11788,-0.068089,0,0.503365,0,-0.135553,-0.670872,-0.729079
0.347,0.80475,10.1219,0.166211,0,-1.26609,0,0.77169,-0.484882,0.411563
-25.2759,14.6884,26.1886,0.250911,0,3.8,0,-0.808248,0.283971,-0.515844
5.14075,-13.7882,34.9785,-1.12868,-0.088309,-3.5,0,-0.0992955,-0.994128,-0.0430032
14.9382,14.0878,18.4605,-0.600685,-0.0118629,-3.5,0,0.706439,-0.34381,-0.618658
-10.0021,18.5257,26.8934,0.18161,0,4.5,0,-0.57657,-0.0209838,0.816778
7.568,0.971,26.9595,-0.10916,-0.218676,-0.4,0,0.583737,0.782273,-0.217486
-31.3188,16.0574,36.4389,-0.649276,-0.31407,-0.4,0,-0.745568,-0.656657,-0.113711
-5.62587,23.3186,25.7329,0.313567,0,-3.9,0,-0.699587,0.649786,0.297248
37.25,-1.30737,19.2669,-0.0623761,0,-3.35731,0,0.896916,-0.136815,0.420503
-20.5907,9.85275,10.148,-0.0475221,0,-2.62685,0,-0.417117,0.546547,-0.726154
9.20887,1.42375,24.1089,0.307566,0,-1.3,0,-0.0823664,0.825849,0.557844
23.9271,-5.63263,9.094,-0.729659,-0.0396155,1.9,1,-0.486503,0.0794369,-0.87006
6.17775,18.9134,31.7124,0.479541,0,-3.9,0,0.510358,0.39891,-0.761844
-11.6593,15.2399,15.7761,0.0770941,-0.642137,2.81535,0,-0.746367,0.657311,0.1043
35.1673,-1.069,27.2095,-2.1672,-0.730456,-3.5,0,0.357908,0.933681,-0.011928
-10.4006,19.257,26.1354,0.20988,0,4.5,0,-0.637863,0.586056,0.499668
26.774,-5.545,13.175,-0.356207,-0.603194,1.9,0,0.40619,-0.902544,0.142914
21.4875,-12.0583,45.7853,0.916838,0.657866,-0.4,0,0.837694,0.368656,0.40294
15.0089,21.4686,17.5221,-0.972183,-0.783483,-3.5,0,-0.153636,0.890122,-0.429044
1.63275,7.79588,0.076125,-1.24742,-0.11905,4.5,0,0.832408,0.506178,-0.225566
33.0289,-6.79688,23.7044,1.77065,0.084854,-3.9,0,-0.138141,-0.15144,0.978766
10.006,8.98388,23.0525,-1.10557,-0.119316,-0.8,0,-0.282799,-0.952355,-0.11421
13.0265,-0.67,52.7975,0.00302503,-0.0785303,-0.933516,0,0.609264,0.141183,0.780298
-22.6985,2.9715,35.3185,0.576317,0.683795,-0.8,0,-0.810714,-0.569401,0.13611
22.1415,-12.9831,14.5247,0.684853,0,1.9,1,0.109124,-0.636418,0.763587
4.1705,7.12638,40.1246,0.420057,-0.014321,-2.60312,0,-0.0275093,-0.795544,0.605271
-20.0387,9.47338,9.134,-1.0608,-0.0659387,1.9,0,-0.4984,0.669509,-0.550777
16.4515,22.4023,18.963,-1.70813,-0.186632,-3.5,0,0.294959,0.938548,0.179238
-7.4365,19.6443,9.52,0.45583,0,4.2,0,0.431707,0.865975,-0.25242
2.0605,-7.08675,35.4181,0.730211,0.697005,-3.5,0,-0.561492,-0.327729,-0.759816
-9.29887,2.30625,24.8127,0.180622,0,3.8,0,-0.00441767,-0.947032,-0.321108
10.452,4.42725,27.1915,-1.53207,-0.143948,-3.5,0,-0.0444541,-0.690756,-0.72172
13.1392,14.369,16.4918,0.0147319,0.039718,-3.5,0,0.204712,-0.736326,-0.644916
6.81563,-9.49175,45.819,-0.0544415,0,-1.33818,0,0.596967,-0.747096,-0.292365
21.0051,-8.73225,16.8627,-0.359743,-0.875289,-0.8,0,0.0538986,-0.981956,-0.181265
1.20075,-7.85075,50.6338,0.0873662,0,3.8,0,-0.0758488,-0.791679,0.60621
14.6763,-5.573,25.1575,0.0661664,0.117348,2.26106,0,-0.567661,-0.688068,-0.452022
-3.396,1.7765,-1.90525,0.0660437,0,-1.6,0,-0.128874,-0.857865,-0.497453
-25.8419,11.0224,40.4681,-0.41258,0,-1.69702,0,-0.932791,-0.234727,0.273504
1.68712,6.42063,-1.90787,0.249596,0,-0.9,0,0.440325,0.700249,-0.561929
18.0855,2.60475,14.5546,0.13697,0,3.8,0,-0.348811,0.816623,-0.459844
30.728,-4.36,17.561,-0.249132,0,-3.5,0,0.705501,-0.632097,-0.320503
-17.418,3.15375,15.5185,-0.467268,0,-1.6,0,-0.43137,-0.726236,-0.535258
-17.7374,-0.038,6.34113,-0.15704,0,-3.5,0,0.143979,-0.92664,0.347287
11.3042,-9.12475,44.287,0.00843363,0,-1.3,0,-0.445822,-0.893069,-0.0605898
-3.30725,-6.01125,5.23688,-0.0853293,0,-3.5,0,0.0933486,-0.376759,0.921596
-26.5774,19.0322,46.6315,0.110798,0,-1.6,0,0.13757,0.340346,0.930182
-17.227,16.836,32.8675,1.78476,0.187159,-3.9,0,0.997652,0.0320376,0.060531
18.1646,-11.9811,21.2869,0.0695466,0,4.2,0,0.147156,-0.972325,0.181464
-1.47063,5.82088,45.7985,0.710653,0.854586,-3.5,1,-0.821493,-0.295235,0.487838
11.4414,16.2131,45.7919,-0.0694702,0,-0.7,0,0.722718,0.59017,0.359691
11.8167,11.0417,54.5615,0.187566,-0.0596394,0.827439,0,-0.716789,0.658972,-0.227968
-22.8255,21.2574,37.0691,-1.78398,-0.371388,-3.5,0,-0.436402,0.254856,0.862903
2.00475,6.111,18.1815,0.931727,0.361873,-2.41718,0,0.0195161,-0.561151,-0.827484
-12.9895,11.4934,29.698,0.149472,0,-0.7,0,0.171146,0.464116,0.869083
3.5785,19.8997,41.977,0.160506,0.0357227,-3.5,0,0.175395,0.885889,0.429461
-3.05931,-7.13994,3.39169,-1.42121,-0.163774,-3.5,0,0.665115,-0.719605,0.199476
-9.28275,-4.88425,18.4881,0.480377,0,-3.5,0,0.764097,-0.59678,0.244968
-11.8573,17.971,15.5763,-0.525072,-0.398977,1.8,0,-0.99843,0.0220673,0.051479
17.3622,19.2292,19.4097,-1.60698,-0.216936,-3.5,0,0.945426,-0.296482,-0.13516
-19.2429,20.9294,35.1872,-1.58902,-0.726642,-3.5,0,0.876398,0.128533,0.464119
-13.7301,4.59625,7.385,0.297326,0,0.254823,0,-0.131595,-0.979445,-0.152871
-7.22087,-3.53863,13.3818,0.610091,-0.00342641,-3.75046,0,0.199175,-0.903277,0.380026
-20.2022,13.8457,14.3686,0.652781,0.807197,-3.9,0,-0.54713,0.833734,-0.0744153
-16.7945,3.46338,29.284,-0.0628554,0,3.8,1,0.0838214,-0.995773,-0.0375476
22.7941,-12.1454,27.955,-0.572337,-0.844932,-0.8,0,0.261363,-0.208417,0.942471
22.7447,-1.52525,36.9866,-0.922879,0,-3.5,0,0.839671,-0.511205,-0.183363
37.8179,0.29325,17.2908,0.0712276,0,-3.64778,0,0.903542,0.0923862,0.418421
13.298,17.3371,20.149,0.0750259,0,-3.5,0,-0.352917,0.531246,0.770213
-22.6871,11.6084,46.3591,0.109626,0,1.9,1,-0.199869,-0.0648022,0.977677
-24.2011,16.034,36.1095,-0.730286,0,-3.5,0,0.339448,0.851641,0.399353
-15.2444,7.66488,32.9621,0.225125,0,-4.43988,0,0.744951,0.399503,0.534271
-26.3444,0.136125,41.4224,-0.418505,0,1.9,1,-0.709478,-0.435082,0.554386
-28.3529,14.0311,36.079,0.268806,0,-3.75162,0,-0.712456,-0.176523,0.679151
27.9048,-0.30675,9.467,-0.223327,-0.54607,1.82707,1,0.14688,0.321984,-0.935282
-24.861,11.3649,27.6575,0.0748723,0,3.8,0,-0.827517,-0.280636,0.48627
-10.432,1.4735,27.706,-1.54707,-0.117497,-1.3,0,-0.207311,-0.970051,-0.12658
14.1495,5.79725,47.5257,1.22909,0.2402,-0.323647,0,-0.345114,0.908215,-0.236732
5.74,21.4492,10.6654,0.37448,0,-1.6,0,-0.171102,0.899395,-0.40226
23.4216,-9.28588,31.2101,0.822578,0.774586,-3.5,0,0.343945,-0.936053,0.0742038
-1.03625,10.0026,38.7954,-0.226667,-0.349952,-1.68704,0,-0.962785,0.159694,0.218043
5.29712,-11.6295,43.0089,0.829029,0,-3.9,0,0.475724,-0.710226,0.518908
-24.5263,3.38063,29.1709,-0.216425,0,-0.8,0,-0.576757,-0.59693,0.557697
12.7498,-12.451,44.9339,0.468848,0,1.9,0,-0.971359,-0.128076,0.200146
17.135,-0.47725,25.6807,0.0376965,-0.147872,-0.7,1,-0.13741,0.48531,-0.863477
12.4028,9.51188,49.3181,0.284983,0,4.2,0,0.284831,0.480454,-0.829479
25.184,-9.641,41.8208,-1.3651,-0.475466,-3.5,0,0.878522,-0.461697,0.122618
7.956,6.841,59.797,-0.012134,0,-3.5,0,-0.678564,0.380193,0.628493
-22.7709,12.5911,17.3346,0.0505986,0,-3.5,0,-0.498861,0.866644,0.00806929
-9.01812,3.238,1.851,-0.252425,-0.00513578,-1.6,0,-0.116383,-0.498962,-0.858774
-6.692,11.2478,-3.30175,0.165013,0,-3.5,0,-0.0306552,0.366635,-0.92986
34.4787,3.63625,13.1622,0.371362,0,-1.6,0,0.289911,0.83717,0.463787
-25.6436,15.4897,26.8821,0.461159,0.0271119,0.399822,0,-0.505806,0.298581,-0.809326
-0.498625,3.28275,15.7351,-1.04789,-0.478285,-1.3,0,0.794482,-0.57499,0.195412
14.8127,13.9515,23.0984,-1.05261,0,-3.13866,0,0.860786,0.27545,0.42799
34.52,-3.6095,29.2908,-1.32023,-0.0335328,-3.5,0,0.446737,-0.0554709,0.892944
39.2386,1.63612,14.6523,-1.04088,0,-3.5,0,0.940938,0.305062,-0.146877
23.8608,-5.84175,17.2857,-0.687363,-0.285334,-0.785291,0,0.848061,-0.446276,-0.285712
-5.31075,9.8705,-3.11175,0.0217633,0,-3.5,0,0.0672462,-0.438168,-0.896374
0.69475,17.2092,16.4888,-0.248528,0,3.8,0,-0.00190698,0.939278,0.343151
-12.7495,19.7467,18.5225,0.22213,0,-3.5,0,-0.845812,0.070071,-0.52886
-22.0605,3.7955,9.60975,-0.827004,-0.901431,-3.9,0,-0.131146,-0.871996,0.471619
-26.0508,12.0442,25.1663,0.0105129,0,3.8,0,-0.965529,0.112843,-0.234563
2.0505,-8.1825,36.4545,0.455384,-0.188532,-3.5,0,-0.570714,-0.65679,-0.492861
-21.0811,12.4675,12.1252,-0.0266085,0,-3.5,0,-0.211189,0.875325,-0.434978
13.8716,-2.24025,21.3135,0.780198,0,-4.5,0,-0.199722,0.919216,-0.339341
-6.11375,13.1676,38.4521,-0.771664,-0.827572,-0.8,0,-0.75268,-0.548254,0.364541
28.8438,-2.80562,30.5241,-0.348447,0,3.8,0,0.915016,-0.177795,0.362125
6.70625,19.8881,27.3501,0.529348,0,-3.9,0,-0.406112,0.382175,0.830069
7.99363,-2.97712,24.7049,0.159066,0,-1.3,0,-0.584217,-0.805359,0.100439
4.65175,4.85612,38.6813,0.287541,0,4.34766,0,-0.770092,-0.406663,0.491512
8.48287,5.71912,60.6135,0.708115,0.179334,-3.5,0,-0.314282,0.0347006,0.948695
22.5152,3.65825,27.839,0.66048,0.0597792,2.8,0,-0.291709,0.79022,-0.538942
-25.4025,5.83138,41.0376,0.0352493,0,1.9,1,-0.896579,0.360431,-0.257364
3.071,18.4053,29.6567,-0.491685,0,-3.9,0,0.562744,0.766769,-0.308843
7.63825,20.198,9.25663,0.115556,0,-1.6,0,0.284791,0.564165,-0.774991
24.2914,-5.49888,40.0649,-1.12547,-0.276508,-3.5,0,0.891791,0.421176,0.165285
-3.0025,21.0979,1.67687,0.0301609,0,3.37857,0,-0.326576,0.335317,-0.883692
12.719,3.96112,54.4045,0.128078,0,-1.6,0,0.990673,0.131621,0.035265
-6.727,-5.2685,2.779,-1.33408,-0.0503245,-3.5,0,-0.909893,0.345027,-0.23033
-28.058,13.2388,41.7632,0.404722,0.150651,2.5,0,-0.801833,-0.453725,-0.388841
24.0499,-10.4384,42.6893,-1.58349,-0.104036,-3.5,0,0.671728,-0.523881,0.523765
-3.1485,10.7227,-3.416,-0.101643,0,-3.83601,0,-0.106153,-0.234478,-0.966308
25.1069,2.79588,30.7638,0.405468,0,-0.7,0,0.309387,0.839676,0.446346
-3.019,22.604,39.5375,-1.67864,-0.0111393,-3.5,0,-0.915242,0.216908,-0.339533
9.27725,-5.99788,30.4236,0.379045,0.187613,3.8,0,-0.512222,0.00302212,-0.858848
-14.3495,14.7386,27.8039,0.16398,0,2.8,0,0.803882,0.157181,0.573645
20.1857,3.6695,15.9738,0.0864537,0,3.8,0,0.145544,0.922285,-0.358059
10.4517,8.0715,10.0883,3.0655,0.166893,-3.9,0,-0.236928,-0.970393,0.0469318
-21.1963,21.4924,29.0758,0.100156,0,-3.9,0,0.685172,0.72392,0.0804931
-11.2274,15.0869,4.27525,-1.11672,-0.508475,-4.5,0,-0.508777,0.166042,-0.844734
-32.4561,17.4159,39.1286,0.0610286,-0.251547,-1.36617,0,-0.99315,0.113431,-0.0280446
29.4494,-4.677,26.4331,0.00585457,-0.0678374,-2.77278,0,0.161166,-0.968126,0.191722
-3.01125,23.7529,31.5829,-0.254337,0,-3.5,0,-0.86357,0.122555,0.489108
8.24362,4.444,14.58,0.11409,0,-4.5,1,0.490929,-0.864186,-0.110325
9.937,-10.2629,51.5635,0.612916,0.412793,-3.5,0,-0.277543,-0.82033,0.500028
5.86312,19.7236,39.661,0.0499438,0,-3.5,0,0.433589,0.346439,-0.831854
17.5322,17.1141,30.9744,0.171304,0,-3.5,0,0.839872,0.281269,0.464223
-5.70425,2.54862,-1.95138,0.0751306,0,-1.6,0,-0.501818,-0.665594,-0.552416
0.566,4.05487,37.4263,1.10483,0.712512,-4.5,0,-0.219317,-0.865707,0.449945
-13.2852,6.76213,29.7859,0.0872358,-0.0726582,-0.904961,1,0.598263,0.458904,0.656878
22.0408,-8.4215,18.808,-0.474324,-0.967636,-0.8,0,0.372637,-0.926684,-0.0489819
19.2318,3.43462,37.7839,0.0634501,0,-3.01305,0,0.626949,-0.251198,0.737452
9.91225,14.4579,43.4899,-0.368,0,-0.7,0,0.62149,-0.104704,-0.776394
13.1875,-0.92875,29.992,0.107822,0.533619,3.77564,0,-0.345173,0.82572,-0.44614
34.6898,-3.1085,23.5344,0.0617281,0,-3.9,0,0.901384,-0.123082,0.415161
23.9088,-9.09387,24.3843,0.209969,0,-1.6,0,0.712299,-0.120843,-0.691395
-26.0497,12.2529,30.607,-0.581795,-0.599542,-3.5,0,-0.580192,-0.749872,-0.317912
-7.64162,21.0874,26.126,0.160638,0,4.5,0,-0.52702,0.718503,0.453876
-20.4174,12.8071,41.7269,-0.682719,0,2.5,0,0.862659,0.30159,0.406033
25.1909,-12.721,26.05,0.451743,0.475682,-0.8,0,0.94897,-0.260867,-0.177215
9.662,4.2165,28.8625,-1.18515,0,-3.5,0,-0.064838,-0.892601,-0.446161
2.69287,-3.412,0.483875,0.0586689,-0.175942,-0.4,0,0.808777,-0.415512,-0.416209
14.7533,21.8059,19.0433,-1.4171,-0.057557,-3.5,0,-0.406167,0.899602,0.160452
9.01675,13.5905,8.61825,0.123065,0,-3.9,0,0.296438,0.946301,-0.128992
19.6017,-9.91475,46.0159,-0.615081,-0.773739,1.9,0,0.646292,0.205013,0.735035
14.3191,-10.9314,52.1464,0.0776488,0,-3.5,0,0.516578,-0.834837,0.190248
27.8002,-4.49775,21.158,0.328811,0.628313,-3.5,0,0.158234,-0.985741,-0.0572412
12.258,-14.9669,46.3274,-0.285319,0,-3.5,0,-0.90214,-0.316521,-0.293185
-0.284625,-9.20588,44.1982,-0.22928,-0.818523,-0.7,0,-0.274137,-0.94803,-0.16152
6.43162,-13.1725,36.8405,-1.48232,-0.0545106,-3.5,0,0.57733,-0.718586,0.387716
11.6724,15.0389,45.5856,-0.0959711,0,-0.7,0,0.998108,-0.0595639,0.0152521
12.268,-14.9268,30.2645,0.182252,0,-3.9,0,0.256215,-0.56336,-0.78548
-23.2481,10.9355,20.1567,-0.500227,-0.0589119,-3.5,0,-0.801931,0.499045,0.328422
18.6215,-0.56725,25.2984,0.431824,0.169273,-0.7,0,-0.124368,0.728105,-0.674089
-23.1991,1.23525,26.7819,-0.0264136,0,-0.8,0,-0.527249,-0.525841,0.667458
-15.1307,4.88487,0.86775,0.0366538,0,-3.5,0,-0.551902,-0.604099,-0.574864
-19.643,-0.20875,31.1103,0.132129,0,4.2,0,0.541356,-0.581704,-0.607087
18.525,10.681,39.969,-0.177923,-0.644797,-3.5,0,0.847849,0.0985392,0.521001
1.28125,10.7165,-0.0355,-0.0916417,0,4.5,0,0.985756,0.0128661,-0.167687
3.40425,17.3242,37.014,0.0372274,0,3.8,0,-0.239116,0.969848,-0.0470883
-6.32925,16.7596,-2.83463,1.60534,0,-1.6,0,-0.155417,0.10193,-0.982576
3.58425,22.496,16.3454,0.910482,0.597841,-0.7,0,-0.264597,0.593975,0.759725
12.7397,-0.582,26.534,-0.287609,-0.595736,0.774163,0,-0.214757,0.975554,0.0466171
-10.0625,20.4382,8.563,0.276889,0,4.2,0,-0.00866925,0.785738,-0.618499
0.63,-1.20963,56.9736,0.112649,0,-0.9,0,0.382956,0.336685,0.860225
16.6909,8.25638,30.581,0.219526,0,4.26605,0,0.189492,-0.0963129,-0.977147
31.55,-3.7375,12.626,0.701623,0.516457,2.5,0,0.365016,-0.909814,0.197488
-10.8519,1.77387,29.0499,-0.372284,-0.695991,-1.3,0,-0.42181,-0.898526,-0.121358
-6.83537,6.26512,-0.364625,0.0102929,0,-1.6,0,-0.764853,-0.0332773,-0.643344
-32.736,16.2074,39.5989,0.00280497,0,-0.4,0,-0.968023,-0.247532,0.0407272
24.923,-3.9595,33.73,-0.0526777,0,-3.5,0,0.800764,-0.123849,0.586036
13.2375,-10.0717,54.6717,0.106634,0,-3.5,0,-0.0517998,-0.682652,0.728905
3.72975,-10.5425,45.002,-0.927898,-0.389379,-1.3,0,-0.564258,-0.743287,0.359356
-31.628,14.4423,33.2668,1.81078,0,-3.9,0,-0.866673,0.490299,0.0921114
4.14725,19.3209,39.3073,0.927811,0.28564,-3.5,0,-0.0900626,0.443076,-0.891949
-3.01938,8.7915,29.003,0.527132,0.580253,-2.74189,0,-0.579168,-0.43335,0.690488
22.8301,-13.3844,12.4099,0.479909,0,1.9,1,0.525188,-0.758094,-0.386614
-14.0592,14.9792,17.8372,0.49237,0,4.2,0,-0.0402493,0.872026,-0.487801
20.647,-13.3889,27.9555,0.574774,0.0690932,-0.8,0,0.509244,-0.846093,0.157471
-23.9487,7.86025,11.128,-0.805962,0,-0.4,0,-0.992667,0.0632489,-0.103016
-11.0675,-2.3515,10.4005,0.965983,0,-3.9,0,-0.779686,0.22163,-0.585637
12.0991,-13.4064,46.725,-0.172958,0,-3.5,0,-0.984746,0.16925,-0.0403713
-22.4439,7.72025,6.98125,0.758924,0,-3.9,0,-0.22867,0.964526,-0.13191
21.21,-9.868,14.8483,0.00161552,0,1.6811,0,-0.520077,-0.152554,0.840385
2.56475,5.53175,-2.10575,0.093345,0,-0.9,1,0.821518,0.149425,-0.550255
-6.0885,23.2817,20.7148,-0.814249,0,-3.59459,0,-0.923243,0.364997,-0.119998
11.7644,14.329,16.1769,0.336534,0.0919325,-3.5,0,0.444632,-0.42894,-0.786329
8.9225,20.0368,23.909,1.54745,0,-3.9,0,0.670503,0.193569,-0.71621
-27.0321,8.75288,45.2233,-0.0074509,0,1.80801,1,-0.50104,-0.8554,0.131339
21.0819,3.12013,37.1451,0.580598,0.329328,-3.81361,0,0.104473,0.126669,0.986428
31.4305,0.931375,33.4686,3.18104,0.0562801,-3.9,0,0.174783,-0.685682,0.706605
10.8223,-6.42863,20.0439,1.18743,0.606637,-4.5,0,-0.893783,-0.448488,-0.00315918
21.1571,3.36538,27.7134,-0.722193,-0.615807,2.8,0,-0.41474,0.705583,-0.574581
-3.45625,-1.07525,48.358,-0.0963046,-0.26893,0.0187471,1,-0.690724,0.708583,-0.144262
3.2005,18.9287,16.3771,-0.588845,0.00606214,-1.24394,0,-0.530172,0.408795,0.742835
17.1588,19.4141,28.7533,-0.180214,0,-3.5,0,0.747343,0.651232,-0.131814
13.5054,16.4694,33.8375,-0.355774,0,-3.84794,0,0.137064,0.933433,0.331535
0.721125,-8.52038,39.8102,-0.32499,0,-3.9,0,-0.948984,-0.291767,-0.119587
15.2345,6.74113,50.8377,0.56237,0,4.2,0,0.968246,0.156178,-0.195215
21.7625,-14.338,46.7185,0.257022,0,-3.9,0,0.998108,0.0593891,-0.0158907
2.367,2.06,53.97,-0.760087,-0.538513,4.5,0,-0.753434,0.609321,0.247114
-27.478,14.4505,28.898,0.00293103,0,-3.5,0,-0.649382,-0.676715,-0.346929
-19.8705,5.19788,42.0612,0.34533,0,-0.7,1,0.18695,-0.374468,0.908198
24.1609,-0.464625,22.5828,0.380038,0.0317565,-3.7308,0,-0.670272,0.741773,-0.0225437
-19.0257,-3.94462,18.898,0.168264,0,-3.9,0,-0.872427,-0.351871,-0.339202
1.066,0.596375,-0.519375,-0.594041,0,-0.9,1,0.455579,-0.373757,-0.807932
16.4452,-12.2548,26.281,-1.08701,-0.957474,-0.8,0,-0.849689,-0.266707,-0.454858
27.2491,1.57537,12.9288,-0.334414,0,2.20234,0,0.133397,0.990578,-0.0309788
-23.7017,10.5279,30.0794,0.0919205,0,1.95749,0,-0.939812,-0.334985,-0.0673688
32.0947,3.96813,27.2754,0.166049,0,-3.9,0,0.712837,0.64458,-0.27637
-4.378,-0.8105,23.7108,0.152962,0,1.8,0,0.15625,-0.969421,0.189234
24.0399,-13.8799,26.3401,1.05711,-0.0183453,-0.8,0,0.118079,-0.983129,-0.139699
22.9147,-1.37825,10.809,-0.0846489,0,1.9,0,-0.978547,0.167132,-0.120468
8.44263,0.289875,28.0767,0.274416,0,2.19934,0,0.498775,0.861716,-0.093106
-25.803,19.4965,37.3796,-0.67322,-0.0505981,-3.9,0,0.730564,0.572439,0.372276
10.6361,0.609125,24.7559,0.152618,0,-1.3,0,0.18412,0.744755,0.641436
25.7745,3.37212,20.8164,0.433676,0,-3.9,0,-0.376804,0.167658,-0.910994
0.983125,9.111,49.6884,0.0723816,0,-3.9,0,0.204639,0.261413,0.943285
14.7741,0.74225,25.9655,0.152029,0,-0.7,0,-0.267478,0.451044,-0.851478
11.04,0.03925,57.7542,1.0938,0,-1.6,0,0.21046,-0.414857,0.885212
-2.92425,-3.4775,9.91525,0.582927,0.125463,-0.7,0,-0.15259,-0.94665,0.28385
0.597,6.50275,49.6271,-1.09622,-0.0423319,-3.9,0,-0.499365,-0.19814,0.843431
16.2241,-6.65225,23.0998,0.115371,0,-3.8818,1,-0.629003,-0.682563,0.372107
-23.767,0.240125,25.6569,0.0542665,0,-0.8,0,-0.87465,-0.477642,0.0827384
-5.10175,-8.1975,48.8905,1.0889,0.444762,-0.4,0,-0.685571,0.103876,-0.720557
0.43625,9.17475,17.4166,0.338108,0,2.58384,0,0.316476,-0.433938,-0.843529
10.8776,10.2086,42.4974,-0.224952,0,2.94568,0,0.380895,0.922093,-0.0682883
-15.2341,2.837,4.77462,-0.65105,0,-3.5,0,0.784258,-0.619456,0.0348344
-20.1283,0.63825,4.24837,-2.00054,-0.405376,-3.5,0,-0.905126,-0.425075,0.0076788
-0.391625,-14.3815,49.2324,-2.16097,-0.426964,-3.5,0,0.657098,-0.489467,0.573276
16.9365,11.771,56.096,9.11582,0,-0.8,0,0.85134,0.406739,0.331337
21.9137,2.064,18.069,0.0805262,0,3.8,0,0.637717,0.540247,0.549044
2.25863,-3.99837,2.30475,0.487299,0,-0.4,1,0.744613,-0.437885,0.503794
-19.741,9.291,44.98,-0.479241,0,1.9,1,0.700667,-0.554887,0.448516
13.3778,4.44975,58.4706,0.851374,0,-1.6,0,0.705805,0.474347,0.52615
24.6472,-8.84969,12.014,0.273228,0,1.9,1,0.964848,-0.255067,0.0633178
31.4622,-0.456,29.4995,0.161298,0,-3.51627,0,0.366705,-0.353146,0.860706
16.4926,15.6073,28.8542,-0.0530539,0,-3.5,0,0.608782,-0.373687,-0.699816
18.8194,16.4023,36.5409,0.879629,0,-3.9,0,0.772118,0.424502,-0.472898
-3.9405,-2.1215,2.918,0.356972,0,-3.5,0,-0.655041,0.315938,-0.686371
-3.18525,24.6182,20.0282,1.24491,0,-3.9,0,0.701551,-0.261342,-0.662968
33.8185,4.10625,11.9893,0.215659,0,-1.6,0,0.207945,0.971863,-0.110638
-3.45587,8.13506,26.6007,-0.0369349,0,-3.5,0,-0.756291,-0.533447,0.378758
11.8934,14.6105,25.9883,-0.435614,0,-0.7,0,0.591869,0.676829,0.437714
-10.3239,17.1369,25.6994,0.289648,0,4.5,0,-0.742134,-0.319117,0.589408
-4.65613,24.8792,24.1892,0.2826,0,-3.9,0,-0.480993,0.753298,0.448539
10.4726,12.6367,45.4306,-0.165186,0,-0.7,0,0.832029,-0.235128,0.502437
0.795,19.4665,44.176,-0.134771,0,-3.5,0,0.320116,0.241622,0.916048
3.34637,7.48231,3.51119,0.0506508,0,2.8,0,0.363936,0.842848,-0.396432
-7.4585,-4.2365,11.1903,1.42848,0.306056,-3.9,0,0.568913,-0.755588,-0.324691
7.87869,9.18587,12.3013,0.213583,0,-3.5,0,0.905529,-0.296632,0.30336
-11.7215,-3.181,14.9365,-1.42924,-0.0317116,-3.5,0,-0.887967,0.131706,-0.440644
-5.91025,-3.07663,10.9251,0.481392,0,-3.9,0,0.115443,-0.939645,-0.322088
-3.29019,19.6476,23.6,-2.05098,-0.17743,-3.9,0,0.228833,0.079463,-0.970217
-22.5804,19.6454,24.039,1.97804,0,-3.06085,0,-0.289349,-0.245316,-0.925255
33.0578,-0.6685,25.6205,0.0237641,0,-3.5,0,0.837383,0.545876,0.0284488
21.9165,-13.3238,44.0793,0.0825199,0,-0.4,0,0.912309,-0.388807,0.128538
2.48388,-1.91737,39.068,0.0216343,0,-1.3,0,-0.942,-0.0682597,-0.328597
0.050875,-3.673,8.40862,0.232112,0,-0.7,0,0.194888,-0.970346,-0.142995
5.48547,-12.1666,29.4157,1.08813,0,-3.9,0,-0.71172,-0.317129,-0.626804
-1.2015,10.8815,45.2255,0.240967,0,-3.9,0,0.0425489,0.837354,-0.545003
35.0113,-4.10269,21.9572,0.311591,0,-3.9,0,0.992864,-0.0824145,0.0861952
6.72531,18.3815,19.6272,-0.113231,0,3.8,0,-0.512024,0.765652,0.38937
-3.39663,13.4624,33.4878,-0.695606,-0.0200264,-0.8,0,-0.931419,0.0344472,-0.362316
-26.8555,12.6862,40.7718,-0.0361322,0,2.5,0,-0.794574,-0.583439,-0.16808
-24.8604,21.3503,28.7975,0.30741,0,-3.9,0,-0.812763,0.349999,0.465744
0.641375,-0.77925,28.3865,-0.702925,0,-3.5,0,-0.155708,-0.985239,0.0711308
-12.9076,12.3219,28.7825,-0.271885,-0.605565,-0.7,0,0.224084,0.66272,0.714555
-12.2917,7.5045,-0.604,-0.276392,-0.268358,-3.5,0,0.255275,-0.0112498,-0.966803
-23.0257,16.1691,38.9857,0.576936,0,2.5,0,-0.0314055,0.91952,-0.391785
0.245,5.477,35.3315,0.361139,0,-4.5,0,-0.547663,-0.429061,-0.718312
15.6011,19.4994,30.0939,-1.05627,0,-3.5,0,0.315403,0.79872,0.512414
22.6101,-1.517,34.9227,-0.216924,0,-3.5,0,0.892329,-0.211065,0.399
5.5065,5.006,43.0955,0.58685,-0.141759,4.062,0,-0.967483,-0.136527,-0.212925
0.750875,12.1315,7.061,0.516056,0,-1.6,0,0.757515,0.357951,-0.545932
6.03013,20.2183,25.1563,1.52875,0,-3.9,0,-0.856232,-0.0850461,-0.509543
17.8784,15.9451,33.1861,0.0588521,0,-3.9,0,0.849782,0.444672,-0.283087
5.48594,18.7221,43.3201,-0.527439,-0.408154,-2.20744,0,0.376927,0.851263,0.365071
-27.7586,13.8247,37.7435,0.102813,0,-3.5,0,-0.946987,-0.230734,0.223556
-2.544,7.566,31.0455,3.33168,0,-3.9,0,-0.964164,0.247481,0.0956045
14.9268,7.78837,54.1855,0.745265,-0.376716,4.2,0,0.880399,-0.257088,0.3985
-18.302,12.4055,39.1205,-0.0357964,-0.0163599,3.73137,0,0.317859,0.886797,0.335494
14.1985,5.96925,44.9824,-0.0119096,0,4.2,0,-0.020744,0.998175,-0.0567186
14.3961,8.37475,29.0759,0.354491,0,-4.5,0,0.833479,-0.455397,-0.312931
7.31769,11.0013,7.1295,0.177918,0,-3.9,0,0.0948829,-0.234126,-0.967565
-18.0794,7.57387,4.55875,-1.16675,-0.0874957,1.8,0,-0.634672,0.686824,-0.35421
-3.22025,8.77325,41.303,0.533691,0,-4.5,0,-0.0802781,0.88508,0.458463
-18.62,1.8905,8.182,0.185288,0,-3.5,0,-0.527938,-0.720369,0.449834
-26.2679,2.9425,41.2923,0.301817,0,1.9,1,-0.976983,0.162482,0.13822
32.5333,-4.56337,24.9507,0.0521754,0,-3.67608,0,0.244577,-0.875125,0.417538
-1.901,8.211,41.4186,0.206777,0,-3.7364,0,-0.102113,0.946409,0.306403
1.404,2.555,31.2559,-0.367898,-0.358022,1.9,0,-0.803494,-0.0954057,0.587619
6.58725,19.4702,24.4474,1.82048,0,-3.9,0,-0.893078,-0.0318192,-0.448775
-1.82,10.985,37.326,-0.16239,0,-1.1909,0,-0.72352,-0.663423,-0.190761
0.073625,8.8735,-1.03919,-0.594063,0,4.5,0,0.406724,0.0192487,-0.913348
-5.9085,16.0379,11.1804,-0.288047,0,4.2,0,0.531776,0.844503,-0.0634742
-22.1292,18.4992,23.7175,0.3735,0,-0.7,0,-0.716415,0.252733,-0.650289
-0.570813,0.849375,42.9794,0.595978,0,-1.6,0,-0.680852,0.696147,-0.227639
18.8936,-12.4423,48.1245,0.0181119,0,-3.9,0,0.195417,0.459002,0.866677
-0.044875,13.1302,-1.07588,-0.77827,-0.0155769,-3.9,0,0.768582,0.634991,0.077895
-10.047,1.877,8.459,0.221091,0,-1.3,0,-0.9562,-0.207074,-0.206884
22.6539,-12.9757,25.2742,-0.164639,0,-0.8,0,-0.267625,-0.810058,-0.521712
20.5981,-10.0457,39.2884,1.15245,0,-2.54696,0,0.765076,-0.613653,-0.195165
-5.3135,8.98525,-1.9785,-0.256029,0,-3.5,0,-0.145929,-0.744878,-0.651047
25.0566,5.12012,22.8324,3.11752,0,-3.9,0,-0.779955,0.537061,-0.321303
-25.7781,15.1496,39.7639,0.660076,0.0881795,2.5,0,-0.127138,0.915239,-0.382326
-3.09944,21.3533,21.2061,-1.83272,-0.675382,-3.5,0,0.853079,-0.519805,-0.0453711
-22.874,11.4663,11.5986,-0.847457,0,-3.5,0,-0.37201,0.582674,-0.722564
-1.63125,2.5305,15.912,-0.235408,-0.287093,-1.3,0,0.707184,-0.704065,0.0646737
3.098,7.094,22.01,0.403789,0,3.8,0,0.225422,-0.935782,0.271103
-9.6385,-1.05925,8.75037,0.537351,0.914773,-1.3,0,-0.931447,-0.12172,-0.342916
9.669,10.687,46.4345,-0.445588,0,-3.5,0,0.303197,0.798007,0.520823
4.53737,4.57,3.177,0.0242064,0,2.8,1,0.800201,-0.129548,-0.585573
-14.6839,17.1844,10.7507,0.387975,0,4.2,0,-0.546337,0.813592,0.198958
3.02737,5.80816,-1.03366,-0.000303104,0,-0.9,0,0.677207,0.625121,-0.388092
15.438,15.0127,37.4272,-0.51491,0,-3.9,0,-0.945615,0.226755,0.233225
-7.35275,13.2035,28.3715,-0.0599713,0,3.8,0,-0.315499,0.158936,0.935521
-20.3429,15.7744,22.1651,0.140573,0.455916,-0.7,0,-0.313336,0.0390319,-0.94884
13.1539,-14.6285,33.7699,0.220877,0,-3.9,0,0.298872,-0.754896,0.583787
9.09975,-11.5704,35.5704,-1.7261,0,-3.5,0,-0.415489,-0.19276,0.888939
-12.1246,-2.8505,23.6849,0.436952,0,-3.9,0,-0.0605884,0.134418,0.989071
-11.7928,2.99175,10.3903,0.0692754,0,1.54935,0,-0.475173,-0.559241,-0.679309
4.22062,3.30575,5.83413,0.0644863,0,2.8,1,0.853943,-0.264038,0.448404
15.9327,-2.89438,20.8599,1.25443,0,-4.5,0,0.253572,0.71176,-0.655056
-27.9835,14.467,45.8035,-1.22545,0,2.5,0,-0.155454,-0.0733088,0.985119
14.595,19.0931,20.3456,-1.62411,-0.226342,-3.5,0,-0.453705,0.0233309,0.890847
-20.7549,18.6612,35.2681,0.185099,0,-3.9,0,-0.0505681,-0.120626,0.991409
-10.1616,2.91194,8.76912,0.0705855,0,-1.3,0,-0.858473,-0.400414,-0.320459
9.55387,-5.27362,56.4825,-0.333895,0,-3.5,0,-0.305498,-0.906031,0.292882
-4.99231,18.243,2.166,0.0290967,-0.176463,0.0179195,0,-0.969969,0.231621,0.0742439
5.68569,6.7485,14.2274,0.577869,0.385155,-3.91733,0,-0.951643,-0.175476,0.252158
-19.6798,13.0056,12.4757,0.414528,0,-3.9,0,-0.454905,0.759836,-0.464447
-9.10906,20.4458,10.7926,0.283528,0,4.2,0,0.157887,0.984078,0.0816272
-19.7524,-1.85713,20.7451,0.246986,0,-3.9,0,-0.805524,-0.53605,0.252552
-18.4311,2.89613,16.2255,0.00165252,0,-1.6,0,-0.609428,-0.710968,-0.350887
-3.58225,5.59531,-1.80187,-0.0897247,0,-1.6,0,-0.00686937,0.539705,-0.841826
6.74281,20.9281,33.6805,2.34092,0,-3.9,0,0.376793,0.835081,-0.400834
28.4573,-0.0986875,32.6284,0.162904,0,-0.7,0,0.741187,-0.280344,0.609959
13.8576,5.90163,55.6164,-0.889043,-0.392096,4.2,0,0.813966,-0.574292,0.0874514
-12.4753,9.74837,3.40781,0.254325,0,-3.73098,0,-0.5273,0.570726,0.629465
3.5045,-0.674,2.23844,-0.0282164,0,-0.9,1,0.964219,-0.226683,-0.137466
-14.4416,14.4291,16.1609,-0.221651,-0.62108,-3.5,0,-0.0742569,0.989172,-0.126589
-22.8125,7.21356,18.835,-0.0205856,0.000765658,-3.5,0,-0.0101177,-0.886784,0.462073
-3.76419,-6.15319,46.7247,0.872211,0.110703,-0.542663,0,-0.801015,-0.598555,-0.0103082
27.028,-1.4805,9.30525,0.210752,0,1.8,1,-0.00742796,0.410515,-0.911824
-6.69,16.7686,3.84775,0.788118,0.0293426,-4.5,0,-0.42768,0.744657,-0.512422
-1.39062,18.9733,5.68663,0.456885,0,4.2,0,0.897593,-0.437221,-0.0562558
1.07925,-2.31719,6.37456,0.767471,0.0599817,-0.607917,0,0.273713,-0.907579,-0.318403
-0.902313,8.58544,41.9551,0.460652,0,-3.5,0,-0.542583,0.831543,-0.11891
7.59006,11.3247,13.1131,-0.0896842,-0.442788,-3.5,0,0.861529,-0.379691,0.337051
10.6493,10.8931,39.7089,-0.286811,0,-1.3,0,-0.0957433,0.91327,0.395942
24.885,-7.53538,30.0994,0.137933,0,2.1024,0,0.343314,-0.92104,-0.183908
-0.503125,1.1475,44.1421,0.887327,0,-1.6,0,-0.628418,0.710992,-0.315565
-13.233,-0.956875,23.8008,-0.172582,-0.322971,-0.974758,0,-0.0115103,-0.575925,0.817422
31.1479,5.80363,23.7361,-0.703475,0,-3.5,0,0.34139,0.75823,0.555464
-16.4028,17.7285,29.15,0.988994,0.874556,2.8,0,0.697868,0.559832,0.44673
-3.50513,-2.17469,13.1261,0.2198,0,-3.75578,0,0.876978,-0.439967,0.193235
38.6201,-0.372375,13.5794,-0.111369,0,-3.5,0,0.862113,-0.218797,-0.457044
8.255,10.3286,12.0551,-0.212827,0,-3.69651,0,0.5771,-0.248539,0.777935
-0.848188,-3.31056,5.51869,0.188804,0,-3.0396,0,0.451136,-0.783302,0.427685
-9.55825,18.0485,5.83075,0.873295,0,-4.5,0,-0.24095,0.847367,-0.473194
17.0064,6.75112,46.9001,0.316471,0,4.2,0,0.130592,0.991325,0.0148534
5.513,6.499,22.086,0.478851,0,-3.9,0,0.340146,-0.940276,-0.0135137
9.00925,10.2321,22.2332,0.469415,0,-0.8,0,-0.41895,-0.899808,-0.121762
7.76363,-3.92213,28.6015,-0.0434092,-0.010443,3.8,0,-0.23224,-0.959612,0.158778
-2.70281,-10.2486,51.3271,0.0360185,0,-3.5,0,-0.00886454,-0.477225,0.878737
12.5415,18.2556,19.3436,0.474759,0.881341,-3.5,0,-0.486926,0.249804,0.836959
-19.8232,19.5035,28.8302,0.131112,0,-3.9,0,0.366711,0.696483,-0.616793
-2.99712,16.8291,5.42938,0.495418,0.187141,-4.5,0,0.933926,-0.246264,-0.259108
-28.4011,13.3369,32.0628,0.51566,0,-3.83591,0,-0.0931221,-0.763358,-0.639229
30.6624,2.59713,12.6084,0.64291,0,-1.6,0,-0.728853,0.682331,-0.0565553
-30.9596,15.649,37.7855,-0.494871,0,-0.4,0,-0.284902,-0.895324,-0.342383
2.38556,19.8606,28.4608,-0.326307,0,-3.5,0,0.939609,0.24976,0.233997
-1.51437,-1.68588,43.9268,0.129866,-0.115429,-0.902232,0,-0.703695,-0.110992,-0.701779
-4.542,18.9385,21.2095,-0.521879,0,-3.5,0,0.931039,0.11907,0.344947
-12.5392,4.86412,32.7276,0.585411,0,-4.5,1,0.628822,0.44587,0.637011
-11.3449,-1.804,12.0641,0.554546,0,-3.9,0,-0.988109,-0.0344963,-0.149838
-23.1225,17.2449,25.9474,0.38615,0,-0.7,0,-0.943491,0.0419784,-0.32873
4.28412,-11.1967,31.4757,3.16455,0.331049,-3.9,0,-0.891821,0.347823,-0.289267
5.964,20.9531,35.9415,2.56528,0.209225,-3.9,0,0.0843051,0.590726,0.802456
11.8868,7.5285,45.8975,1.11881,0,-3.5,0,0.983307,-0.0734917,0.16645
7.06644,-13.1213,29.3776,1.3149,0,-3.9,0,0.0556688,-0.642141,-0.764562
13.8962,9.47762,21.8778,-0.0857967,0,-0.8,0,0.764835,-0.324448,0.556562
13.4838,1.01275,30.8285,0.987421,0.205951,4.15452,0,-0.509297,-0.0811273,-0.856758
4.12869,20.9899,11.3837,0.0653373,0,-1.6,0,-0.272358,0.525953,-0.805726
21.3981,-13.4482,46.2426,0.686934,0,-2.77906,0,0.98786,0.0748747,0.136109
26.7799,-4.5895,31.1883,-0.300348,0,2.99995,0,0.204413,-0.4641,0.861874
-7.96725,-1.1175,21.0788,-0.985019,-0.121523,3.8,0,0.409026,-0.608879,0.67968
4.00938,0.988375,25.5741,0.0257747,0,-2.0066,0,0.232271,0.295951,-0.926533
16.1427,17.4237,32.4847,0.511591,0,-3.8103,0,0.357976,0.820845,0.445047
-16.0276,15.9881,10.3985,0.226441,0,4.2,0,-0.811089,0.583142,-0.0456048
-6.51356,18.0592,28.2436,0.165197,0.00117703,3.69548,0,-0.493427,0.035454,0.869064
13.076,5.1585,55.2342,0.0590292,-0.492392,3.31994,0,0.879601,-0.383513,-0.281459
-0.698937,-4.08769,0.8175,-0.0327867,0,-0.4,0,-0.285805,-0.703734,-0.650442
-13.4561,12.0077,7.75338,-0.107202,0.0482455,-0.775126,0,-0.45969,0.12288,-0.879537
4.39388,7.248,16.5539,0.470176,0,-4.5,0,-0.562914,-0.337111,-0.754641
-10.1499,7.07538,25.7037,-0.23134,0,2.11516,0,0.449262,0.833084,0.322698
-12.9635,0.54875,35.6505,0.748065,0.162566,-4.5,0,0.803131,-0.496692,0.329057
32.2783,-1.734,29.1454,-0.0963925,0,-3.5,0,0.0314745,-0.00750584,0.999476
-3.49875,17.483,9.67412,0.802128,0,-3.5,0,-0.698025,0.574655,0.427238
-29.9229,14.3185,35.5699,0.725409,0,-3.9,0,-0.198871,-0.265414,0.943401
-12.1973,15.8915,18.3408,-0.691519,0,0.113582,0,-0.646873,0.617168,-0.44795
20.4943,-2.23619,12.8505,0.078177,0,-0.7,0,0.0433326,0.569499,-0.820849
7.71775,14.3759,10.7702,-0.0978676,-0.495401,-2.32548,0,0.757753,0.441041,-0.48093
-13.7959,14.7801,14.3717,-0.511931,-0.116108,-3.5,0,-0.223135,0.952618,0.206712
17.9237,2.0245,27.0346,-0.161185,0,-0.7,0,0.248855,0.825267,-0.506957
-10.4083,9.06787,24.7621,2.12565,0.878209,4.5,0,0.698598,-0.405788,0.589319
-18.3388,17.1095,21.0713,-0.0136329,-0.0814927,-1.81447,0,-0.304715,0.932531,-0.193739
-23.8218,17.2496,44.1457,0.644099,0,-1.6,0,0.990794,0.132992,-0.0253185
10.9253,9.52487,51.1693,0.144156,0,4.2,0,-0.80958,0.421015,0.409055
7.43,-10.5437,28.5245,0.481052,0,-3.9,0,0.147746,0.217061,-0.964912
-1.98894,2.54244,22.1935,-0.1044,0,1.8,0,0.700125,-0.352782,-0.620782
-1.54631,24.2428,24.4609,0.00322035,0,-3.9,0,0.794733,0.60045,0.0886538
-10.1317,19.9259,24.5999,0.242927,0,4.5,0,-0.665609,0.745122,0.0419267
18.9696,8.5355,35.2624,0.173477,0,4.5,0,0.913402,0.228115,0.337137
4.01312,17.3142,24.3923,-0.113622,0,4.2,0,0.188875,0.980069,0.0615702
-0.237563,-0.038,24.8538,-1.47305,0,-3.5,0,-0.483632,-0.726084,-0.488775
-8.5785,19.544,27.0096,0.12696,0,4.5,0,-0.507364,0.462764,0.726933
14.6274,10.7438,41.5324,-0.257158,0,-1.3,0,0.434471,0.578564,0.690289
-1.75188,9.013,38.0433,0.5021,0,-4.5,0,-0.54054,0.840096,0.0453346
7.0545,3.9125,28.1375,1.2207,0,1.9,0,0.708773,-0.588754,-0.3886
3.8525,-3.6235,32.4738,-0.0179395,0,1.8,0,-0.813785,-0.570512,0.110774
-3.9985,14.0029,34.5176,0.287879,0,-0.8,0,-0.71739,-0.00331357,-0.696664
29.2215,4.615,21.1,-1.49707,0,-3.5,0,-0.530143,-0.114149,-0.84019
8.9395,5.526,14.192,0.262731,0,-4.5,0,0.809557,-0.412034,-0.418145
15.1048,-10.5074,27.2292,0.712425,0,-0.4,0,-0.423418,-0.817197,-0.391032
-5.46469,-0.401812,22.4389,0.161959,0,1.8,0,-0.312977,-0.926644,-0.208268
13.1077,7.27631,42.5483,0.354708,0,2.58916,0,0.710738,0.286592,0.64243
-24.9986,1.75437,43.0615,-0.640764,0,1.9,1,-0.208743,-0.305349,0.929079
11.5511,15.9195,21.808,-0.619671,-0.429828,-1.54132,0,0.0780528,0.992251,0.0966718
-1.34725,17.6794,31.9478,-0.36292,0,-0.7,0,-0.321938,0.905241,-0.277299
-23.5355,22.8135,28.5683,0.302357,0,-3.9,0,-0.00502433,0.920292,0.391201
-8.55969,20.864,22.7194,-0.549778,0,4.5,0,-0.907759,0.390549,-0.153115
4.24581,5.32744,24.7577,4.04511,0,-3.9,0,-0.653283,-0.469012,-0.594347
16.1247,-2.04675,23.8884,0.275269,0,-4.5,1,-0.28257,0.951902,-0.118481
-12.0445,16.4845,24.7,0.349481,0,-3.9,0,0.423328,0.238193,0.874104
18.8083,12.8946,36.85,-0.321918,0,-0.5906,0,0.977305,-0.101579,0.185893
-9.09925,19.5429,22.4282,0.178006,0,4.5,0,-0.566412,0.79032,-0.233605
-0.4555,23.3298,2.91963,1.28468,0,-0.8,0,0.956477,0.192554,-0.219258
24.2199,-7.44144,27.437,0.429125,0,-0.357432,0,0.542419,-0.811149,0.218674
-12.1095,18.965,16.6133,0.166286,0,-3.5,0,-0.945887,0.0308697,-0.323025
-14.2738,6.99525,32.0067,0.38954,0,-4.5,0,0.727513,0.603399,0.32655
-23.3704,9.74662,20.0981,-0.409092,-0.428524,-3.5,0,-0.94114,0.0599322,0.332661
-28.6365,15.4289,29.6981,-0.0574368,0,-3.5,0,-0.815033,-0.530835,-0.232239
-3.32031,23.5678,30.6288,-0.16273,0,-3.5,0,-0.875812,0.0978968,0.47262
-0.114125,-11.9467,48.3769,-0.813174,-0.138695,-3.5,0,0.997808,0.031828,-0.0580278
-1.18731,20.5082,22.5863,-2.13365,-0.204456,-3.5,0,-0.325408,0.268414,-0.906677
-10.8349,20.7658,20.6462,0.0364831,-0.309815,-3.5,0,0.173113,0.183219,0.96771
3.79262,-12.5766,37.3128,-0.924466,-0.0329917,-3.72261,0,-0.801442,-0.572492,0.173045
-25.115,19.0688,26.6007,0.245641,0,-3.9,0,-0.65722,-0.35437,-0.665194
-15.0756,16.2036,8.23962,0.189242,0,4.2,0,-0.607303,0.521088,-0.599709
11.9419,9.20275,48.4109,0.279001,0,1.33186,0,0.792651,0.568047,-0.221421
-13.5736,4.09513,8.4245,0.307029,0,-1.3,0,-0.046508,-0.940547,-0.336465
22.9075,-1.91,38.7245,-1.56968,0,-3.5,0,0.950396,-0.310686,0.0148783
-25.6537,20.9245,33.8203,-0.404527,-0.230145,-3.61384,0,-0.314348,0.949002,0.0241133
-16.7326,17.3169,25.2986,0.347162,0,2.8,0,-0.1879,0.970594,-0.150466
-20.5775,0.22075,27.3533,0.190092,0,-0.8,0,-0.0550613,-0.2531,0.965872
16.9357,-6.80525,18.944,0.408084,0,4.2,0,-0.121817,0.197203,-0.972765
26.4985,-5.096,21.0809,-0.253065,0,3.19093,0,0.475917,-0.873423,-0.103126
-0.21675,9.64462,33.4259,0.660474,0,-3.9,0,-0.845779,0.0150967,0.53332
-24.3201,16.931,41.6893,0.363691,0,-0.86095,0,0.220252,0.895732,-0.386204
-0.619937,14.8655,6.55212,-0.71354,-0.374808,-3.5,0,0.586599,0.42788,-0.687619
-6.42569,13.8675,28.7418,-0.154749,0,-2.55286,0,-0.830432,0.130253,0.54168
11.067,20.429,18.7625,0.119251,0.242783,-3.5,0,0.409666,0.431552,0.803702
2.18388,1.44963,37.5256,0.612101,0.0764902,-0.248178,0,-0.9204,0.369023,0.129176
0.495,4.755,19.99,0.0687339,0,3.8,0,0.505624,-0.855996,-0.107772
-18.9392,-3.13525,20.882,0.173128,0,-3.9,0,-0.810612,-0.50446,0.29737
9.30225,1.38,30.6849,0.061868,-0.164641,0.326449,0,0.111554,0.239194,-0.964542
-2.30225,-7.43219,52.9632,-0.418769,-0.218017,-1.47138,0,-0.0094343,-0.420462,0.907261
-23.902,7.08894,9.13203,0.141321,0,-0.4,0,-0.889686,0.428185,-0.158482
20.5576,-4.49687,44.8949,0.661568,0,-3.9,0,0.752704,-0.0747313,0.654104
32.461,-1.70487,15.2552,1.05007,0,2.5,0,0.120346,0.157382,0.980177
1.68781,6.03363,23.1669,0.463564,0,1.9,0,0.852382,-0.522229,-0.0268613
6.13212,18.5676,18.6326,-0.131836,0,-3.5,0,-0.668468,0.349969,0.656256
-1.83725,-8.56538,45.0239,0.134482,0,-0.7,0,-0.493865,-0.86909,0.0279388
5.21556,17.8369,24.914,-0.0930159,0,-3.9,0,-0.486528,0.817276,-0.308789
-3.52944,11.6355,48.2523,1.07161,0,-3.9,0,-0.349845,0.823987,0.445707
27.8415,-5.381,10.284,-0.0807365,0,1.87479,1,0.125292,-0.943367,-0.307182
18.9369,-8.05156,17.9744,0.591701,0,-0.8,1,-0.574183,-0.125571,-0.80904
-15.1932,4.38531,7.54887,1.26749,0.442659,-3.5,0,0.565621,-0.791321,-0.23213
32.2869,-0.5925,15.365,0.761724,0,2.5,0,0.320768,0.26214,0.91016
-8.22731,13.2367,1.61906,-0.0317254,-0.323521,-2.41336,0,-0.667001,0.740198,0.0849486
0.268,20.984,39.4385,-0.159934,0,-3.5,0,0.490679,-0.0946274,-0.866187
-3.8265,0.2535,20.7235,0.0150896,-0.291361,-0.330615,0,0.39824,-0.909402,-0.119975
1.11356,-0.601812,9.15038,0.428086,0,-0.7,0,0.705977,0.129925,0.696215
22.2579,-9.01106,31.9338,0.194702,0.20588,-3.5,0,-0.00660242,-0.891628,0.45272
-21.9974,3.57381,21.8406,0.121496,0,4.2,0,-0.863177,0.356255,-0.357783
22.8481,-10.1927,23.7014,-0.241855,-0.597514,-1.28025,0,0.721913,-0.18527,-0.66672
24.5187,2.979,21.9433,0.87705,0,-3.9,0,-0.757347,0.135973,-0.6387
14.6184,11.5561,20.496,-1.17781,0,-0.8,0,0.916993,-0.395323,0.0533359
9.75887,19.2351,13.0874,0.966521,0,-1.6,0,0.941496,0.322643,-0.0974016
-1.64838,-0.882125,17.1992,-0.327405,-0.0540742,-3.5,0,0.98678,-0.129053,-0.0980367
3.19062,-9.55138,37.4762,0.0383937,-0.0882047,-3.5,0,-0.730429,-0.604076,-0.318695
14.6596,5.55337,28.3766,0.152911,0,3.8,0,0.33009,0.265489,-0.905845
11.8717,-3.17563,56.7931,-0.775675,-0.044418,-3.5,0,0.732952,0.0243463,0.679845
-11.9105,1.641,10.807,0.134448,0,4.2,0,-0.582523,-0.172036,-0.794399
-23.6537,6.97025,45.942,0.071213,0,1.9,1,0.0553234,-0.494018,0.86769
-26.137,11.7987,35.6012,0.138797,0.0306226,-3.5,0,-0.591836,-0.668876,-0.449816
-17.528,15.061,31.3945,0.287448,0,-2.19033,0,0.800242,-0.41474,0.433132
-9.66344,1.765,22.6536,0.38113,0.329109,3.8,0,0.407369,-0.493944,0.76816
-16.1856,-0.671063,22.5982,0.0386316,0,-3.9,0,-0.0484578,-0.728856,0.68295
4.04338,-1.91313,33.8471,-0.290003,-0.194053,-0.165096,0,-0.987261,0.141924,-0.0719216
23.1721,-7.96556,28.2419,0.370174,0,-1.6,0,0.845143,-0.442324,0.300138
14.2815,-14.7031,31.2504,0.270791,0,-3.9,0,0.343853,-0.815505,-0.465528
-3.23837,20.9209,19.197,-1.37631,-0.0425808,-3.5,0,0.973044,0.0732355,-0.218682
2.2455,21.4722,15.285,-0.323713,-0.193238,-0.7,0,-0.660459,0.0978729,0.744456
34.4965,-2.2705,24.6195,-0.0988165,0,-3.9,0,0.995859,0.0714341,-0.0562314
-1.63881,18.1741,4.70725,0.60425,0,0.162026,0,0.755748,-0.545394,0.362477
11.7078,15.4125,27.6082,-1.5102,0,1.8,0,0.818876,0.0574853,-0.571085
2.52631,5.49288,10.2424,0.495374,0,3.8,0,0.502099,0.115795,0.857023
1.8595,4.91275,30.6111,0.660969,0,1.9,0,-0.802864,-0.142994,0.578759
18.443,-6.78387,18.5793,0.478327,0,4.2,0,-0.599482,0.289805,-0.746079
-11.0197,19.7289,21.2356,0.0140404,-0.00780633,-3.60557,0,0.308633,0.74254,0.594457
-4.09525,17.2279,31.2869,0.0219987,0,-3.78407,0,-0.291392,0.877703,0.380431
-10.0603,-5.1555,13.648,1.77782,0.0804673,-3.9,0,-0.186138,-0.963765,0.191075
-28.4756,18.1269,46.2485,0.727087,0,-1.6,0,-0.469461,0.283142,0.836324
11.6729,11.7259,9.82394,1.36884,0,-3.9,0,0.826183,0.563006,-0.0211341
6.305,7.1155,21.3708,0.364133,0,-4.47077,0,0.862461,-0.429258,0.268139
-16.8311,1.42075,10.0315,0.317454,0,1.9,0,0.0593261,-0.998049,0.0194775
8.73794,10.0888,18.653,-0.574743,0,-3.5,0,0.322438,-0.624795,-0.711101
8.68163,16.3686,29.388,-0.864705,-0.0489725,-2.30589,0,0.0761127,0.880983,0.466985
21.9066,7.25987,37.2697,-0.0278683,0,-3.61808,0,0.785678,0.500072,-0.364195
32.1611,1.07656,30.8299,1.44447,0,-3.9,0,0.560764,-0.826877,-0.0426404
26.1052,-6.22131,10.9061,0.0624506,0,1.9,1,0.589773,-0.807443,-0.0142382
4.44625,7.47031,6.46838,0.0708276,0,3.8,0,0.942713,-0.0274237,-0.332475
-3.428,9.00525,39.0375,0.762696,0.871572,-4.5,0,-0.146095,0.983219,-0.109255
-29.9461,17.7706,33.7971,0.325759,0.190028,-3.9,0,-0.796838,0.471063,-0.378351
7.14512,18.3166,35.0661,2.68368,0,-3.9,0,0.783897,-0.53668,0.312218
29.9746,3.83888,31.1223,1.36501,0,-3.9,0,-0.519879,0.809851,0.271784
-2.029,5.36662,44.6754,0.997962,0.132344,-3.5,1,-0.774827,-0.54035,0.328123
-31.1122,15.4984,33.5827,0.649437,0,-3.9,0,-0.868401,0.49446,0.0372724
-23.281,5.0085,36.2853,-0.547731,-0.79796,-0.8,0,-0.898217,-0.387814,0.206898
16.9719,16.7044,32.8351,0.250461,0,-3.9,0,0.647684,0.734824,-0.201341
2.87244,13.0878,8.19919,0.0442898,0,-3.9,0,-0.0300503,0.494887,-0.868438
-23.519,20.0561,24.0723,3.12632,0,-3.9,0,-0.269871,-0.620889,-0.73598
-4.85638,7.136,-1.09475,-0.370681,0,-1.6,0,-0.138352,0.0481917,-0.98921
33.7274,-1.14975,18.3489,0.672788,0,-2.05888,0,-0.737285,0.00638043,-0.675552
20.9893,-8.87813,12.9609,0.299713,0,1.9,1,-0.98465,0.152258,0.0853319
21.2935,-8.89825,15.4405,-0.987191,0,-0.8,0,0.235574,-0.922096,0.306993
7.91425,13.963,11.6783,0.0716987,0,-0.8,0,0.943141,0.142522,-0.300287
1.30731,16.6348,18.5176,-0.313121,0,3.83026,0,-0.219873,0.951388,-0.215676
2.4825,1.4235,33.633,-0.769152,0,3.8,0,-0.836873,-0.532239,-0.127927
15.1788,-7.5075,50.9403,0.471904,0.146538,-0.756538,0,0.967183,0.181534,-0.177773
-6.72612,2.36775,33.0241,-0.371054,-0.194015,-1.3,0,0.159578,-0.607891,0.77782
15.7218,9.27375,53.4668,2.69022,0.08198,3.64307,0,0.989235,-0.0226916,-0.144567
0.367375,-2.34125,5.07113,0.476886,0.795372,-0.458013,0,0.379967,-0.909115,0.170689
-16.2734,11.0428,8.58813,0.921572,0.0777798,-4.25673,0,-0.414832,0.357381,-0.836776
10.8426,-10.294,48.3976,-0.122695,0,-2.65746,0,0.011814,-0.70603,-0.708083
-1.9275,0.26925,0.339125,-0.129784,0,-0.9,0,-0.822951,-0.428068,-0.373511
-5.26587,-6.31287,50.0491,0.884823,0,-0.447205,0,-0.80388,0.244581,-0.542178
-4.374,16.6775,12.2952,0.972523,0,-3.5,0,-0.401777,0.819763,-0.408123
3.66825,7.44725,41.2374,1.6279,0.523563,-3.5,0,0.226219,-0.942416,0.246328
2.69925,17.3594,45.8257,0.715325,0,-1.6,0,-0.480484,0.749417,0.455531
9.5715,-12.0246,29.8673,0.517262,0,-3.9,0,0.37976,-0.388098,-0.839739
14.8569,-12.801,49.2947,-0.508192,-0.0779806,-0.607624,0,0.293867,-0.0669463,0.953499
-18.8375,17.537,21.8815,0.081769,-0.134081,-0.7,0,0.208443,0.51185,-0.833404
-17.7011,-5.46688,20.0433,0.847014,0,-3.9,0,-0.636469,-0.727311,0.256761
9.80394,11.1482,17.8068,0.12739,0,-3.5,0,0.276508,-0.871135,-0.405791
-27.5416,19.5095,28.3595,-0.705635,0,-3.5,0,-0.00425353,0.986868,-0.161474
10.7456,13.3492,36.8613,-1.03988,-0.0247385,3.79758,0,0.399885,0.410688,0.819407
2.8485,6.11175,49.8915,-0.895895,-0.296754,-3.9,0,0.351706,0.0636768,0.933942
-5.282,-4.317,49.1375,0.520918,0,-0.9,1,-0.996245,-0.0864259,0.00519058
-14.7752,7.59562,31.1203,0.128969,0,-4.5,1,0.804828,0.484854,0.342299
24.735,0.8035,34.933,0.040131,-0.313208,-2.73619,0,0.387643,0.270896,0.881106
6.49669,6.22844,12.3076,0.552569,0,-4.5,1,0.0981196,-0.653375,-0.750649
-15.3132,1.79975,12.2673,-0.515062,0,2.92371,0,-0.196625,-0.957866,-0.209359
-26.3132,5.95666,26.9883,-0.0845188,-0.196225,-0.8,0,-0.497671,0.861569,0.100109
24.7237,-7.26681,26.3886,0.438964,0,1.52916,0,0.838213,-0.525651,-0.145223
32.7738,-6.30387,19.6233,1.14231,0,-3.9,0,-0.0704185,-0.165834,-0.983636
14.81,5.55463,43.6439,0.305196,0,1.8,0,-0.0697644,0.990292,0.120224
-9.8165,18.364,6.9325,0.627356,0,-4.5,0,-0.328998,0.856273,-0.398192
24.9936,-6.02531,37.3148,0.127391,0,-3.5,0,0.874766,0.482426,-0.0452836
3.10862,5.27588,44.7673,0.132394,-0.0270704,3.8,0,0.174455,-0.435335,-0.883204
-1.56619,18.1456,29.7318,-0.190484,0,-0.880547,0,-0.399895,0.510623,0.76115
14.9094,9.42387,51.519,1.06483,0,4.2,0,0.859043,0.364551,-0.359373
1.759,-3.847,33.958,-0.481138,-0.840052,-3.5,0,-0.335947,0.26581,-0.903595
-13.5597,3.68062,10.086,0.261612,0,-1.3,0,0.103612,-0.901079,-0.421095
-1.71512,3.25625,18.0286,-0.0174371,0,0.962545,0,0.576768,-0.788646,0.213017
-8.40203,-4.35825,16.9437,-0.174179,0,-3.5,0,0.798091,-0.602436,0.0110461
-9.16769,19.1927,7.80756,0.497971,0,-0.412796,0,0.076484,0.834404,-0.54582
2.99006,12.0719,7.16481,-0.838947,-0.232713,-2.14059,0,-0.368313,0.665411,-0.649288
10.0057,18.8748,24.2548,0.00332163,0,-3.9,0,0.766288,0.194859,-0.612236
16.3958,-14.2256,44.7486,0.0798875,0,-3.51435,0,-0.24827,-0.672155,-0.697545
-3.88194,-9.94938,51.2404,0.036395,0,-0.4,0,-0.471298,-0.675306,0.56731
0.0891875,20.3371,44.264,-0.0420666,0,-3.5,0,0.341259,0.240873,0.908583
21.4487,0.84175,25.948,0.223429,0,4.2,0,-0.053114,0.496701,-0.866295
-23.7799,16.6937,35.3359,-0.554966,-0.210428,2.53726,0,0.216203,0.263418,0.940142
2.493,11.384,15.478,1.37793,0.383373,0.380333,0,-0.545591,-0.726799,-0.417245
-20.0221,20.8506,29.861,-0.71233,0,-3.9,0,0.564093,0.820087,-0.0962123
-2.33463,3.47325,20.6146,-0.780083,-0.00579843,2.8935,0,0.546199,-0.837649,0.00317322
25.1227,-6.70909,38.563,0.00483417,0,-3.5,0,0.942129,0.186281,0.278733
19.8224,-4.00081,46.1427,0.340773,0,-0.138895,0,0.547674,-0.513913,0.660262
-3.50044,17.7141,20.9932,-1.17146,0,-1.3,0,0.496274,0.805576,0.323666
13.9545,0.88125,27.1146,-0.0110549,0,-0.7,0,-0.891963,0.425252,-0.153502
-1.08375,23.5205,42.5546,-1.35188,0,-3.5,0,-0.299352,0.596778,0.744476
32.8785,2.354,20.6782,-0.360808,0,-3.63778,0,0.251573,0.879264,-0.404482
-1.06494,14.1596,42.4241,-0.278534,0,-3.5,0,-0.782876,-0.0909904,0.615488
-15.6779,-0.35775,23.6472,0.710761,0,-0.4,0,-0.165843,-0.956538,0.239855
-0.9025,18.838,21.8925,-1.22065,-0.000183593,0.375365,0,-0.613374,0.534681,-0.581282
2.05,9.371,16.7346,-0.354151,-0.0234207,-4.5,0,-0.378005,-0.387146,-0.84097
-1.76375,15.8841,6.39813,-0.557585,0.156759,-3.66858,0,0.498504,0.321789,-0.804951
5.04431,4.88875,17.7275,0.955655,0.00298263,-4.5,0,-0.444077,-0.870784,-0.211025
-12.5995,13.4345,6.52025,-0.661081,-0.149997,-4.5,0,-0.783896,-0.385278,-0.486896
-4.13425,6.34825,-1.10575,-0.399575,0,1.8,0,-0.235298,0.268681,-0.934048
-20.803,4.59294,19.4492,0.072446,0,4.2,0,-0.858916,0.122931,-0.497144
7.65525,13.2311,39.7649,-0.460452,-0.295471,-1.3,0,0.891934,0.431167,0.136195
5.262,-6.16019,55.7895,0.439643,0,-1.6,0,0.567586,-0.177805,0.803885
-4.18188,21.4511,6.73012,0.919094,0,4.2,0,-0.489877,0.654654,0.575716
-13.7675,16.0036,26.7017,0.296208,0,2.8,0,0.727341,0.539166,0.424588
22.6859,-2.8325,10.3481,0.217606,0,1.9,1,-0.911736,0.0233312,-0.410113
-23.0165,5.843,31.7585,0.365772,0,-1.6,0,-0.957682,0.12475,0.259389
25.6608,3.00431,29.5572,0.715555,0,-1.06889,0,0.216051,0.872605,0.438045
13.6307,2.64725,29.3474,0.118571,0,3.8,0,-0.699752,-0.448106,-0.55637
-5.66594,17.6596,8.91488,1.27612,0.286842,-4.5,0,0.390024,0.592605,0.70477
5.99412,16.7236,39.9864,0.0330707,0,-3.5,0,0.719528,-0.132466,-0.681713
-6.084,14.787,29.538,0.0162529,0,-4.5,0,-0.991994,-0.0809031,0.0969635
-1.27431,-6.58156,55.1096,0.331049,0.0520973,-0.9,0,-0.488168,-0.619808,0.614435
37.0628,2.28506,13.3673,-6.75158,0,-3.5,0,0.266286,0.775503,-0.57244
2.31375,10.4452,48.223,-0.313649,0,-3.9,0,-0.0382502,0.74965,0.660729
-12.2878,15.0798,17.1628,-0.0449442,-0.240446,4.2,0,-0.514333,0.794007,-0.324059
12.3041,15.1285,28.4772,-0.375695,0,0.574446,0,0.504256,-0.125976,-0.854316
18.0607,13.8486,40.0556,-0.180021,-0.847319,-3.5,0,0.329509,-0.0272223,0.94376
4.99175,20.4303,41.703,0.111346,0.00590502,-3.5,0,0.0333244,0.824298,0.565174
9.46912,-4.8495,27.3284,-0.571473,-0.938461,-1.3,0,-0.568729,-0.822388,0.0150153
14.1123,-13.264,42.646,-0.288231,0,1.9,0,-0.189427,-0.955843,-0.224679
22.1815,-8.3895,44.0805,-0.108413,0,-3.5,0,0.353957,-0.0793116,0.931893
-1.15338,22.9666,5.42356,1.02462,0,-0.8,0,0.795741,-0.176902,0.579226
13.3877,3.98444,52.8025,0.604288,0,-4.5,0,0.684065,0.113023,0.720612
4.35437,-3.7675,55.706,-0.129501,-0.0544781,0.997948,0,0.0836626,-0.0254435,0.996169
-7.30725,1.60806,29.5243,0.0410754,0,-0.918412,0,-0.195675,-0.973105,-0.121564
-1.84925,9.059,49.8493,0.247763,0,-3.9,0,-0.178113,-0.455881,0.872037
7.908,10.4248,21.955,-0.0486858,-0.385608,3.8,0,0.275631,-0.961154,-0.0145379
8.14669,4.66356,27.9931,0.224442,0,1.09731,0,0.212829,-0.853325,-0.475962
-20.3071,-0.741125,31.8451,0.120581,0,4.2,0,-0.129035,-0.922999,-0.362523
-12.4859,17.9295,12.2647,0.454776,0,4.2,0,-0.650162,0.626257,0.430223
4.7545,7.816,13.8767,0.962036,0.135218,-3.5,0,-0.711368,-0.676412,0.190846
13.4114,2.93819,53.4104,0.450387,0.00920968,-2.08022,0,0.873222,0.0825811,0.480276
-3.55113,18.7544,35.2321,-0.875866,0,-2.16958,0,-0.389641,0.82805,-0.403129
14.8831,14.2288,36.3826,-0.986544,0,-3.9,0,-0.649835,0.452864,0.610433
4.45431,-4.65613,29.5424,0.194983,0,1.8,0,-0.0697783,-0.886851,-0.456757
26.6375,2.17388,11.9261,0.481606,0,1.9,0,0.327575,0.840673,0.431235
1.13812,11.7987,45.6059,-0.119358,-0.971719,-0.8,0,-0.809798,0.560152,0.174516
19.2664,-9.11563,34.2418,0.0781841,0,4.2,0,0.649056,-0.723575,0.234873
1.62338,17.9063,34.9658,0.0112977,-0.208979,-0.7,0,-0.11702,0.950275,0.288591
8.08988,-3.182,25.7179,0.453685,0,3.8,0,-0.370279,-0.861584,-0.347227
-27.3977,13.1462,32.7857,0.245179,0,4.2,0,-0.26391,-0.953406,-0.146181
20.4794,-12.935,12.9313,0.449249,0,1.9,1,-0.925087,-0.376374,0.0505582
6.8195,16.6453,34.0464,0.0145778,0,-3.9,0,0.928083,0.212529,0.305766
-10.711,20.3979,16.0324,0.166368,0,-3.5,0,-0.304524,0.581743,-0.754215
-26.19,19.7835,27.872,0.0474453,0,-3.5,0,-0.468016,0.81167,-0.349505
-8.63688,0.620875,21.657,0.35325,0,3.8,0,0.288686,-0.344935,0.893129
-16.9085,6.93025,38.3945,0.26034,0,3.8,0,0.540627,-0.774661,-0.328059
-1.66525,22.5606,23.1264,-0.588323,0,-3.84471,0,0.690159,0.0556322,-0.721516
-12.8014,1.29856,25.0206,-0.821992,-0.0566058,-0.4,0,0.571484,-0.178948,0.800865
6.97706,3.98706,17.1738,0.81683,0,-4.5,0,0.187492,-0.981453,0.0399674
-6.86275,19.3403,10.6853,0.388591,0,4.2,0,0.781481,0.609183,0.134844
-20.3259,4.3935,15.2362,0.260382,0,-1.6,0,-0.597301,-0.757506,-0.26347
2.04025,23.5492,29.5505,-1.6042,-0.784646,-3.5,0,0.961867,0.13626,-0.237161
-2.02113,-12.3399,50.5414,-0.814493,-0.00391019,-3.5,0,0.151899,-0.297413,0.942588
-0.54775,9.36675,42.89,0.00559276,-0.279393,-3.5,0,-0.870963,0.471487,-0.138284
16.7489,9.83994,29.9403,0.164353,0,4.5,0,0.227768,-0.247932,-0.941622
2.28763,-2.15488,5.78162,0.94521,0,-0.4,0,0.192929,-0.97864,-0.0710092
37.8869,-1.8425,17.3495,-0.669489,-0.716988,-3.5,0,0.858563,-0.312705,0.406306
-26.2418,15.922,40.5228,0.570561,0,2.5,0,0.240501,0.841534,-0.483714
-20.3079,14.5117,39.1183,-0.259607,-0.130475,2.5,0,0.801383,0.512175,-0.308968
18.0508,-5.427,46.4045,1.07897,0,-3.9,0,0.480364,-0.0135483,0.876964
30.4323,2.03669,14.4231,0.474553,0,0.637152,0,0.145687,0.932404,0.330753
-5.38594,-4.9205,51.033,0.0776734,0,-0.4,1,-0.969434,0.208379,-0.129525
3.32463,18.4351,44.7454,-0.49436,-0.141726,-1.91161,0,-0.200023,0.817926,0.539433
-23.2334,9.33,14.7571,-0.132365,0,-3.5,0,-0.701328,-0.708021,0.0827378
4.16575,7.0365,22.7647,0.802819,0,-3.9,0,-0.300775,-0.93634,-0.181114
-11.4078,-5.95047,21.9706,1.37977,0,-3.9,0,0.321949,-0.814549,0.482554
1.32519,9.05756,1.75494,-0.0130175,-0.0501007,4.5,0,0.969515,0.0106143,-0.2448
-27.1664,12.2393,41.8498,0.39525,0.0646815,2.5,0,-0.527813,-0.596393,-0.604755
29.5195,1.18362,17.0514,0.477834,0,2.5,0,0.766537,0.431513,0.475624
-12.5298,19.9147,22.3789,3.02416,0,-3.9,0,0.290751,0.830578,0.474978
23.7606,-6.24694,21.9014,0.484987,0,-3.2,0,0.767566,-0.622074,0.154486
12.7752,8.49719,56.3687,0.217951,0,4.2,0,0.439974,-0.162837,0.883123
4.9015,-0.51675,6.259,0.136089,0,-0.4,1,0.947874,-0.315277,-0.0462184
-5.18125,17.1348,38.5081,-1.28105,-0.0540117,-3.5,0,-0.926359,-0.0313324,0.375337
17.0195,-7.36025,23.1203,-0.181683,0,0.572859,1,-0.721637,-0.537576,0.43618
-24.921,9.04369,38.647,-0.0969802,0,-3.5,0,-0.468078,-0.776416,-0.421997
5.17737,3.45344,44.2045,0.582774,0,-1.6,0,-0.865742,0.00391661,-0.500475
11.6458,14.1272,27.2618,-0.0908003,0,1.8,0,0.923969,0.351369,-0.151066
-15.1601,16.659,12.1342,0.239868,0,4.2,0,-0.423066,0.795394,0.434009
22.9242,-5.46887,42.348,-0.0350108,-0.441745,-3.53638,0,0.763206,0.303139,0.570634
5.4095,6.36338,41.3639,0.51037,0,3.8,0,-0.95685,-0.281071,0.0737339
-32.0101,19.5543,42.4917,-0.0721064,0,-3.5,0,-0.94442,0.269896,0.187689
25.0764,-7.04825,32.6431,-0.92574,-0.0147433,-3.5,0,0.934548,-0.291943,0.203446
-17.8531,7.03288,34.9604,0.0527938,-0.184746,1.80405,0,0.739062,-0.624894,0.251584
19.6776,-13.4524,41.5575,0.201972,-0.0185043,-0.4,0,-0.00874416,-0.557602,-0.830063
8.6835,9.089,10.554,0.98206,0,-3.9,0,-0.000303531,-0.999637,0.0269237
1.19887,2.77694,13.0101,0.405884,0,-1.6,0,0.633272,-0.384887,0.671437
8.15088,0.485875,25.8776,1.06935,0.0437392,-0.4,0,0.339589,0.940531,0.00901847
7.53988,8.0965,58.0477,0.373991,0,-3.5,0,-0.641356,0.66525,0.382238
-18.949,2.82575,9.33788,0.258533,0,0.785616,0,-0.605803,-0.777943,0.166753
-3.376,-0.223,19.859,-0.0254794,-0.691689,-3.5,0,0.134408,-0.254165,0.957776
2.22956,4.04331,11.5568,0.706991,0,-1.6,0,0.89478,0.102311,0.434628
-6.34163,15.5398,28.3954,0.230742,0,-4.5,0,-0.942778,0.0685259,0.326304
-13.0095,8.66025,5.11325,0.675375,0.282222,-0.542758,0,-0.301599,0.940366,-0.157321
12.5568,-0.60075,56.1572,0.038311,-0.113203,-2.2296,0,0.950889,-0.28581,0.118839
-2.78591,25.1678,30.4189,-0.133496,0,-3.5,0,-0.599065,0.774956,0.201407
-3.979,4.55225,39.7287,0.705468,0,-4.5,0,-0.671485,-0.712578,-0.203326
17.6345,-11.9616,48.5065,0.072319,-0.189053,-2.28864,0,0.554596,0.231574,0.799248
3.28912,11.7408,47.5177,-0.385062,0,-0.8,0,-0.340386,0.19696,0.919426
14.6025,6.60838,54.5264,-0.545469,-0.340791,4.2,0,0.856817,-0.464987,0.222826
5.36938,-11.1845,44.5241,1.33567,0.0286285,-1.3,0,0.275901,-0.93253,0.232953
2.03487,1.91869,45.2209,0.0169063,0,3.8,0,0.224548,0.186982,-0.956356
3.92712,-4.66769,30.7953,0.147185,0,1.8,0,-0.656844,-0.740725,0.141003
6.20269,-11.7017,42.1155,1.17959,0,-3.9,0,0.643363,-0.455576,0.615252
-9.71412,11.4665,28.0635,0.269809,0,1.50317,0,0.226785,-0.0530314,0.9725
23.0545,-7.142,21.6602,0.351191,0.391718,-1.07722,0,0.776983,-0.594793,0.206202
12.7324,-0.673187,28.1294,-1.22717,-0.180377,1.8,0,-0.296023,0.930373,0.216277
1.67313,-3.18325,56.1185,-0.0141843,0,-1.55819,0,0.386671,0.126645,0.913481
18.6149,1.419,38.9409,0.705018,0.188427,4.2,0,0.748633,0.374968,0.546761
-4.543,12.89,31.125,0.35605,0,-4.5,0,-0.450685,-0.641552,0.620721
-26.1386,13.1937,45.9349,-0.465722,0,1.8,1,-0.0989581,0.544911,0.832634
-14.8119,14.6409,17.1242,0.183877,0,-3.5,0,0.25662,0.84179,-0.474906
3.543,3.5285,25.433,0.179132,-0.026181,-3.61921,0,0.197707,-0.0841603,-0.976642
8.302,13.6624,47.0045,-0.0936027,0,-0.7,0,0.511629,-0.350318,0.784546
-2.93869,1.46819,50.8529,0.1654,0,2.8,1,-0.793101,0.478472,0.376902
-26.9593,13.7295,45.5664,-0.132945,0,1.8,0,0.0659955,0.218033,0.973707
0.92475,-3.97887,41.5337,0.111896,0,-3.56228,0,-0.770337,-0.0911794,-0.631085
-24.1497,5.56612,7.09325,0.538621,0,-3.9,0,-0.96726,-0.0365895,0.251137
-6.4925,1.48119,30.4259,0.107947,0,-1.3,0,0.497629,-0.867389,-0.0013212
20.2987,-11.4814,12.8818,-0.12221,0,1.9,1,-0.97569,0.0568161,0.211664
7.58838,-3.51881,55.9586,-0.348519,-0.204723,-3.5,0,-0.413151,-0.622405,0.664769
9.85888,13.3834,46.2755,-0.126077,0,-0.7,0,0.309047,-0.581017,0.752934
28.4931,2.42838,14.3267,0.430887,0,2.5,0,0.0536993,0.904848,-0.422334
-5.86,8.11862,-0.9195,-0.362627,0,-3.5,0,-0.0808208,-0.406344,-0.910139
7.45556,-10.3499,42.3107,0.173182,0,4.2,0,0.348109,-0.731827,0.585875
37.7453,1.11556,12.891,-4.65495,0,-3.5,0,0.6321,0.296646,-0.715857
-15.566,14.5595,7.47169,0.144782,0,4.2,0,-0.545043,0.0309165,-0.837838
-23.3573,11.8991,23.4542,-0.175967,0,2.39102,0,-0.506941,0.343102,-0.790754
-9.78319,-3.31919,9.45325,0.79304,0,-3.9,0,-0.390289,-0.348952,-0.852002
-12.4614,20.8258,20.9653,0.780925,0.0880336,-3.60384,0,-0.107366,0.730096,0.674857
4.25437,5.6045,20.0665,0.50887,0,-4.5,0,-0.136898,-0.779562,0.611181
-10.1706,13.3366,3.09894,-0.909002,-0.756189,-4.5,0,-0.459779,0.408422,-0.78854
1.06638,4.64525,-2.99638,-0.0346528,0,-0.9,0,0.147827,0.0120293,-0.98894
-5.038,23.599,3.34075,5.67203,0,-0.8,0,-0.988911,-0.140993,0.0466414
-13.1556,4.01737,26.77,0.36233,0,1.43285,0,-0.119177,-0.991803,0.0460804
-3.263,-2.3375,14.5288,0.426786,0,-3.5,0,0.760596,-0.566764,-0.316658
-11.0658,-1.19194,11.0908,0.548937,0,-2.68795,0,-0.811494,-0.154072,-0.563683
24.0736,-10.1187,11.9773,0.165361,0,1.9,1,0.860307,-0.47269,-0.190883
-26.514,13.3936,29.1219,-0.750684,-0.636218,-3.5,0,-0.612205,-0.688628,-0.388582
1.90475,-7.04225,53.9966,0.148714,0,-1.6,0,-0.46448,-0.882237,-0.0769117
5.59406,13.3551,48.1626,0.162381,0,-1.6,0,0.14095,-0.701686,0.698406
-4.08325,8.567,46.4825,2.74493,0,-3.9,0,-0.317062,-0.941485,-0.114361
15.4384,5.31112,51.4424,0.979007,0,-4.5,0,0.917115,0.331533,0.221328
16.063,10.6181,57.145,7.25941,0,-0.8,0,0.446703,-0.338004,0.828378
-24.7294,7.71025,40.2229,-0.390864,0,-2.27795,0,-0.845082,-0.328177,-0.422062
-7.2985,2.53925,23.9307,0.291394,0,2.01516,0,-0.631365,-0.760863,-0.149889
17.5071,3.01413,28.2119,0.969772,0.0479746,-0.7,0,0.244215,0.856235,-0.455215
11.9449,7.03137,47.6158,1.00592,0.130292,-3.65221,0,0.894553,0.078072,-0.440091
-17.8075,17.1968,18.7415,-1.42293,-0.593078,-3.5,0,-0.382586,0.88481,-0.265969
-6.11747,13.2159,36.9173,-0.813379,-0.390402,-0.8,0,-0.896135,-0.427238,-0.120041
3.687,18.2155,26.607,-0.241251,-0.0869819,-3.7103,0,0.480481,0.875566,-0.0502184
-0.787063,-5.15688,3.35869,0.624304,0.177556,-0.966128,0,0.426499,-0.877476,0.219394
-12.8658,3.33119,5.23944,-0.0432324,0,-2.81426,0,-0.547056,-0.727796,0.413572
2.27375,18.7149,25.2729,-0.734747,0,-3.5,0,0.894971,0.161541,-0.41585
26.0804,1.10863,34.2789,-0.842843,-0.892172,-0.7,0,0.375938,0.349676,0.858136
33.5945,-4.88637,24.101,0.237473,0,-3.9,0,0.501452,-0.353592,0.789632
24.8577,-11.5221,25.6567,0.223694,0,-0.8,0,0.928844,0.00493247,-0.370438
9.55838,16.9163,28.6096,-1.40164,0,1.8,0,-0.0890284,0.820428,0.564775
20.1447,16.172,40.2342,2.48475,0.200017,-3.9,0,0.681486,0.101781,0.724719
31.1018,-1.14188,18.712,0.282777,0,-3.5,0,0.552129,0.383649,-0.740248
-3.80031,-1.83556,18.1978,0.092526,-0.00353073,-3.5,0,-0.214287,-0.74328,0.633732
0.84125,4.34925,35.3348,0.926014,0,-4.5,0,-0.723685,-0.463492,-0.511326
3.57737,16.499,48.6756,0.142866,0,-1.6,0,-0.249232,0.541179,0.803125
5.455,18.301,36.343,0.250544,0.731613,-3.9,0,0.153596,-0.117887,0.981076
-15.2668,17.4788,23.7045,0.313355,0,-1.24356,0,-0.304066,0.940536,0.151444
6.9585,15.962,35.5415,-0.131784,0,4.2,0,0.5126,0.792029,0.331559
-4.29194,0.039375,2.87644,0.03693,0,3.8,0,-0.398803,-0.487491,-0.77673
18.6316,-10.2184,35.6916,0.34328,0,-1.6,0,0.515485,-0.804443,-0.295207
-16.9912,1.85544,34.2089,0.376961,0,3.16972,1,-0.135514,-0.579645,0.803522
12.7636,13.8498,28.5323,-0.775297,0,-3.5,0,0.54817,0.107147,-0.829475
16.381,4.7445,50.838,0.820776,0,-4.5,0,0.657275,0.583219,0.477331
-12.2564,10.0487,0.676813,-0.278946,-0.351311,-3.5,0,-0.0647616,0.769543,-0.635303
-4.10938,18.5483,39.7077,-0.625023,0,-3.5,0,-0.80679,0.182522,0.56194
4.85475,5.91631,3.42419,0.371442,0,2.8,0,0.937082,0.139107,-0.320199
2.71419,6.9695,23.4539,0.592312,0,-3.37487,0,0.311206,-0.917556,-0.247472
-0.333062,18.551,11.1097,-0.0513604,0,-3.5,0,0.281413,0.943519,-0.174868
-19.1221,13.158,18.0255,-0.115804,0,-3.5,0,-0.566643,0.818594,0.0939132
-14.1672,15.2123,13.3337,0.275731,0,4.2,0,-0.206105,0.750324,0.62812
7.18375,-3.98,27.051,-0.597179,-0.0108653,3.8,0,-0.189537,-0.932009,-0.308926
-11.0693,-2.13506,14.6863,-0.742879,-0.660736,-3.5,0,-0.985581,-0.0154239,-0.168499
8.38313,-3.92706,22.9849,0.370507,0,-1.3,0,-0.594884,-0.800059,-0.0775849
0.9715,-8.073,37.4697,-0.449449,-0.344484,-3.5,0,-0.736443,-0.510959,-0.443366
-1.1995,-3.72887,10.1634,-0.189795,0,-0.7,0,-0.0441686,-0.95186,0.303333
8.26394,17.8132,22.0537,-0.0162321,0,3.8,0,0.660549,0.679084,-0.320188
14.6637,14.4769,17.3818,-0.28793,0,-3.5,0,0.667088,-0.665641,-0.334538
7.7625,10.1469,16.4414,-1.40284,-0.341743,-1.3,0,0.936135,-0.229227,-0.266658
1.43737,16.6181,9.09513,0.515519,0,-3.5,0,0.685116,0.53803,-0.49106
-14.9284,3.586,27.1925,-0.489235,-0.105684,3.55043,0,0.344094,-0.931968,0.114172
8.60894,-8.91056,46.9156,0.0390901,0,-1.5315,0,0.15437,-0.663629,-0.73196
-0.157063,17.4106,7.61894,0.387432,0,-3.5,0,0.623764,0.326481,-0.710161
13.6816,11.5779,22.9346,-0.140964,0,-0.7,0,0.668759,-0.683834,0.291774
9.75531,16.5886,29.6271,-0.621409,0,-0.826607,0,-0.443221,0.878475,0.178429
-0.516312,23.5164,27.7351,0.147717,0.0158748,-3.5,0,0.599428,0.616466,-0.510544
-23.5541,7.17987,5.65413,0.322177,0,-3.9,0,-0.500119,0.836348,-0.224504
-8.16975,-3.37425,15.1927,0.128346,0,-3.5,0,0.641845,-0.766476,-0.0234234
13.5176,-12.5737,29.5315,-1.06949,-0.353413,-3.9,0,-0.361375,-0.122516,-0.924336
-29.4487,17.4541,32.2811,0.0613624,0,-3.9,0,-0.814773,0.498406,-0.296204
27.2034,-5.51094,15.0374,-0.1465,0,-3.5,0,0.415,-0.904047,-0.102343
11.8903,0.790375,23.5224,0.44018,0,-1.3,0,0.748788,0.640739,-0.169615
2.40675,-2.17756,36.1655,0.290367,0,-1.70467,0,-0.788018,0.498552,-0.361211
13.1657,6.37712,48.3181,1.5098,0.774919,-4.5,0,0.474214,0.676942,-0.562913
15.462,-6.92181,21.8731,0.420835,0,-2.32169,1,-0.716545,-0.454808,0.528879
33.449,-0.75475,15.451,0.716712,0.0668402,-3.24007,0,-0.487629,0.319274,0.812577
-22.9409,5.63353,44.3122,0.157827,0,1.9,1,0.60173,-0.436459,0.668899
13.3794,14.8835,23.1199,-1.01489,-0.251738,-0.7,0,0.445411,0.847549,0.288565
0.892875,-2.62037,56.8252,-0.0129299,0,-0.9,0,0.56403,0.0253855,0.825364
-5.76125,20.3622,28.0473,-0.461468,0,2.01963,0,-0.269367,0.0562938,0.961391
-4.57037,-1.75038,46.8397,0.0920533,0,-0.4,1,-0.67484,0.730328,-0.105887
14.1343,-10.4988,37.4209,-1.44274,-0.963373,2.8,0,0.38748,-0.538436,0.748296
35.0812,-1.20144,22.2446,0.172487,0,-3.9,0,0.859128,0.00521692,0.511735
-0.265687,15.0763,-1.9455,0.550668,0.685133,-3.5,0,0.941439,-0.127148,-0.312291
12.5098,15.0118,24.8951,-0.809752,0,-0.7,0,0.41004,0.833881,0.369473
-19.1221,2.17075,34.769,0.405993,0,4.2,0,0.262722,-0.410676,0.873111
-0.212437,15.3298,43.4715,-0.886388,-0.137467,-3.5,0,-0.754989,-0.0849988,0.650205
9.83912,16.5648,30.7249,-0.354874,0,-3.5,0,-0.680353,0.728229,-0.082473
-4.94325,-8.11475,2.4015,-1.47018,-0.558545,-3.5,0,-0.442863,-0.886141,-0.13648
11.0046,17.6774,13.8907,-0.830054,-0.0501744,-3.5,0,0.409342,0.140283,-0.901532
-6.86819,22.3772,20.5245,-0.586591,0,-3.5,0,-0.616937,0.78605,-0.0389094
-23.0972,7.76337,31.2253,0.347682,0,-1.6,0,-0.954723,0.0471941,0.293728
6.4325,20.4186,40.8536,0.716672,0.793725,-3.5,0,0.700848,0.708567,0.0821281
8.507,0.44275,58.6765,1.75001,0,-3.9,0,0.388356,-0.456254,0.800632
17.5119,-8.41138,23.0696,0.566657,0,-2.53907,1,-0.90549,-0.121829,0.406504
-3.09344,20.5707,38.8186,-0.457178,0,-3.5,0,-0.45268,0.823944,-0.340877
-5.145,-0.860125,5.50413,0.0628371,0,3.8,0,-0.761978,-0.639537,-0.101891
25.4554,-6.20025,13.5725,-0.121701,0,1.9,1,0.613197,-0.722503,0.319341
16.2572,-13.4224,30.0763,-0.257646,0,0.132301,0,-0.136436,-0.972742,-0.187507
9.49613,-13.1838,30.2567,0.954851,0,-3.9,0,0.0642699,-0.157667,-0.985399
0.889,10.9482,12.3763,-0.418537,-0.00183015,3.8,0,0.307166,-0.827371,0.47022
-20.6191,19.2259,26.4434,0.551929,0,-0.7,0,0.61078,0.764972,0.204366
6.5635,-2.87775,25.6715,0.0333198,0,1.9558,0,-0.304152,-0.850656,-0.428808
16.5001,0.467625,25.722,0.201384,0,-0.7,0,-0.0579827,0.241895,-0.968569
10.4587,14.327,14.9358,-0.444041,0,-3.5,0,0.730528,-0.214604,-0.648285
25.4212,-3.91125,8.506,0.332785,0,1.89639,1,-0.0671848,-0.174397,-0.982381
-12.4295,-1.48731,23.4962,0.335349,0,-3.9,0,0.0637465,-0.0660262,0.99578
-23.2043,6.7145,24.7585,0.136595,0,-3.20431,0,-0.910818,-0.183427,-0.369819
-29.4636,12.654,31.927,1.77283,0,-3.9,0,0.543913,-0.397996,-0.738754
9.8235,3.17587,30.5055,-0.202482,-0.186709,-1.13102,0,-0.0759385,-0.47724,-0.875486
18.0314,-4.03788,20.4877,0.685315,0,-4.5,0,-0.130389,0.44078,-0.888094
-3.3215,5.387,36.16,0.553232,0,-4.5,0,-0.413565,-0.474109,-0.777293
-2.4725,14.583,-3.6405,1.47811,0,-3.9,0,-0.166178,0.316726,-0.933847
15.3948,9.85038,29.2764,0.343114,0,-2.81461,0,0.797738,-0.414574,-0.437885
13.3264,-11.5644,45.9324,0.865206,0.624744,-3.5,0,-0.979662,0.160259,0.120746
7.80831,8.45806,13.4004,0.377266,0,-3.5,0,0.852328,0.496558,-0.164219
6.88594,18.5336,23.4323,0.204339,0.171986,-2.45701,0,-0.687954,0.5339,-0.491599
6.69963,17.5749,44.1126,-0.267478,0.536202,-0.898743,0,0.450593,0.860507,0.237684
18.988,10.7963,32.1003,0.185749,0,4.5,0,0.887836,0.276408,-0.367895
-16.4622,6.37762,2.87781,-0.0283445,0,-2.86982,0,-0.795093,-0.0338839,-0.605541
-18.5737,15.47,20.9924,-0.241756,0,-3.5,0,-0.919987,-0.0689725,-0.385833
-11.7743,16.3429,14.4515,0.0240454,0,1.8,0,-0.905015,0.202598,0.374036
-5.81006,17.3086,30.5617,0.419746,0,-4.5,0,-0.594619,0.692619,0.408298
18.6725,-2.2995,16.036,0.307566,0,3.40349,0,-0.899143,-0.220924,0.377803
-0.224875,14.4983,3.48312,0.104645,0,4.5,0,0.795219,0.513565,0.322299
5.27044,0.388813,25.0592,0.837657,0,-2.52783,0,-0.441579,0.449443,-0.776537
-10.7784,-0.189375,22.9839,0.517543,0.286139,1.22779,0,0.510282,0.056935,0.85812
7.2485,15.8038,34.5247,-0.18691,0,4.2,0,0.468466,0.868938,0.159645
3.3805,-14.003,39.8104,2.49706,0.487655,-3.9,0,-0.471771,-0.87728,-0.0883882
-19.6733,5.23462,4.41219,0.463832,0,-3.50995,0,-0.104624,0.369101,-0.923482
-6.61069,2.33981,0.5,-0.709786,-0.234368,-1.6,0,-0.570109,-0.737807,-0.36141
2.47075,19.1427,11.693,-0.667722,0,-0.7,0,-0.415333,0.391811,-0.820964
-5.66475,-9.02462,49.9152,0.740186,0.111034,-0.4,0,-0.703266,-0.636064,-0.317554
-8.57887,2.6535,22.9193,0.275946,0,3.8,0,0.0725908,-0.867805,0.491574
17.6798,-1.46263,49.9999,-0.335078,0,-4.5,0,0.472671,-0.787225,0.396054
1.25388,2.07737,51.8891,0.202217,0,2.8,0,-0.35952,0.768027,0.529981
-22.0427,9.42875,10.6117,-0.455452,0,-3.5,0,-0.398178,0.384692,-0.832746
4.07613,2.67375,3.53538,-0.453765,-0.693977,-0.347583,1,0.816962,-0.0950539,-0.568804
1.80594,17.0888,36.2166,0.267465,0.329861,1.40804,0,0.0375362,0.892408,0.449665
-11.8484,1.64644,32.0438,0.388195,0.00670631,-2.66447,0,0.3411,-0.9355,-0.0921462
3.97088,3.92525,50.5555,0.127584,0,4.5,0,-0.208444,0.9576,0.198881
12.0395,9.631,23.3695,-1.14045,0,-0.8,0,0.540925,-0.763058,0.353754
9.15913,-10.79,29.0669,0.364983,0,-3.9,0,0.349663,-0.100232,-0.931498
-12.8556,-5.53069,18.8604,3.05978,0,-3.9,0,-0.0219212,-0.954105,-0.29867
-17.083,16.3839,21.5535,-0.183581,-0.41858,-0.187439,0,-0.0139542,0.95607,0.292806
19.9621,8.77862,33.2492,0.246692,0,4.5,0,0.978556,0.195275,0.0655406
-1.17756,3.43269,47.6191,0.180867,0,3.8,1,-0.921453,0.350264,0.168046
1.35637,16.9424,37.8087,-0.359811,0,0.957333,0,0.251841,0.958982,-0.130116
-14.8837,13.5141,29.2289,-0.719301,-0.022354,2.8,0,0.69406,0.120003,0.709845
-26.4249,3.21669,26.9241,-0.00292859,-0.197726,-0.8,0,-0.599388,-0.794284,0.0992279
-14.4957,1.25819,25.4281,-0.311544,-0.956847,-0.4,0,0.205768,0.0332737,0.978035
-12.7969,2.54888,30.6274,0.410364,0,-1.58108,0,-0.424061,-0.788637,-0.445223
22.5597,0.9285,18.3872,-0.0656791,-0.307515,-2.33314,0,0.299424,0.79374,0.529454
-18.5788,18.2181,35.5305,1.50846,0.0262675,-3.9,0,0.277386,0.22801,0.933311
18.099,-0.676625,16.1346,0.333148,0,3.8,0,-0.861607,-0.493789,0.1175
19.5924,-15.4386,48.7303,1.00652,0,-3.9,0,-0.168911,-0.424425,0.889568
19.7297,-0.202875,43.0655,0.45006,0,4.2,0,0.525328,0.551427,-0.648043
13.6464,1.81175,30.1462,0.252744,0,3.8,0,-0.509376,-0.475765,-0.717066
22.6209,4.04012,34.0894,1.66353,0,-3.9,0,0.949656,0.00384417,-0.313271
-3.21944,-0.648625,46.3602,-1.3041,-0.002055,-0.4,1,-0.57812,0.815731,-0.0190064
30.1092,-0.628438,29.0527,0.147557,0,1.86468,0,0.154266,-0.598302,0.786281
2.26575,3.11525,-1.067,-0.691783,0,-0.9,1,0.736332,-0.527456,-0.423798
9.63806,17.4176,24.0389,-0.0363653,0,-3.9,0,0.903281,0.23389,-0.359692
-5.8245,7.42137,24.5269,0.0149429,0,-0.4,0,-0.158873,0.119693,0.980017
-22.2816,8.89031,14.5141,0.182374,0,-3.5,0,-0.573322,-0.818851,-0.0280361
-9.412,6.324,28.143,0.720436,0.237306,3.53803,0,0.584378,0.796094,0.15728
-6.52225,0.392,22.3071,0.152909,-0.00630738,1.82091,0,-0.556077,-0.746291,0.365826
-16.2486,-5.84969,20.7998,0.988181,0,-3.9,0,-0.137409,-0.783775,0.605653
17.7061,-5.54112,19.7738,0.384436,0,-0.301956,0,0.0295823,0.458775,-0.88806
-0.8365,0.571625,-1.808,0.504567,0.231815,-0.9,0,0.0582593,-0.577794,-0.814101
-0.009,16.431,44.395,-1.27538,-0.0327267,-3.5,0,-0.602354,-0.239678,0.761397
12.765,13.8676,36.3129,-2.59172,-0.408632,-3.5,0,0.193749,0.27242,0.94247
-0.617312,24.6702,2.77481,1.15579,0,-0.8,0,0.852895,0.362762,-0.375464
26.0298,4.59531,26.6108,0.685898,0,-3.9,0,-0.14895,0.981252,0.122308
11.9688,18.1782,29.4469,-0.621766,0,-3.5,0,-0.663855,0.741302,0.0988301
-6.89731,-2.97006,16.3853,0.686225,0,-3.5,0,0.133175,-0.988856,0.0665369
-1.01394,15.6755,3.45963,0.162953,0,1.66686,0,0.511397,0.317794,0.798424
13.2032,2.02931,59.2435,0.595914,0,-1.6,0,0.456941,-0.448928,0.767899
-9.5125,12.7607,2.0335,-0.0630538,-0.67597,-3.79485,0,-0.560362,0.759603,-0.330147
11.5334,-12.2684,30.4015,0.219501,0,-3.9,0,-0.0242156,-0.0068772,-0.999683
1.93425,21.0012,11.9405,-0.0663635,0,-0.7,0,-0.539822,-0.0708115,-0.838795
-23.9895,9.01675,36.4218,-0.464142,0.571265,-3.2,0,-0.825956,-0.550433,0.12174
-16.7553,8.29937,34.9692,0.413671,0,-1.71353,0,0.941926,-0.285157,0.17737
-0.490063,3.12869,14.3256,0.0248118,0,-1.41114,0,0.62683,-0.615094,0.478271
-21.7035,12.685,13.513,-0.693676,0,-3.5,0,-0.39994,0.896728,-0.189544
15.7467,-13.5985,44.2416,0.344028,0,-3.5,0,-0.0262279,-0.769358,-0.638279
-30.6075,19.5964,44.2173,-2.68724,0,-3.5,0,-0.349521,0.445773,0.824088
14.7051,16.4587,35.3717,-0.318374,0,-3.9,0,-0.423295,0.773633,0.471502
34.8211,-4.44025,19.8797,0.107262,-0.0210615,-3.02549,0,0.73165,-0.556093,-0.39427
-14.0538,2.44125,36.9842,0.838692,0.0547035,-4.5,1,0.330298,0.359128,0.872886
-12.4464,13.8343,5.15575,-0.537934,0,-4.5,0,-0.804226,-0.282862,-0.522695
35.5117,0.399563,10.3967,0.270512,0,-1.6,0,0.414159,0.107579,-0.903825
10.3832,16.4254,23.3394,0.987192,0.37323,-0.7,0,0.440719,0.894421,-0.0760106
-10.8587,9.05013,28.9124,0.0640697,0,-0.7,0,0.589887,-0.0961125,0.801745
3.64944,22.3109,12.1099,-0.0793707,0,-0.7,0,0.260883,0.632082,-0.729666
1.15538,22.8238,40.8601,-0.485186,0,-3.5,0,0.938698,0.339086,-0.0621836
10.146,-11.708,38.666,-0.302126,0,4.2,0,-0.29035,-0.955439,0.0532178
8.81063,18.4585,23.332,0.180983,0,-3.9,0,0.583357,0.291375,-0.758152
-1.00075,11.2429,46.5289,0.789249,0,-3.9,0,0.274515,0.86655,-0.416813
18.4772,-11.2627,34.2653,0.104132,0,4.2,0,0.500602,-0.661765,0.55809
-19.0595,11.66,43.8638,-0.72879,0,1.9,0,0.863677,0.344841,-0.367624
-9.6005,-1.9745,21.267,0.620454,0,-3.9,0,0.890602,-0.235849,0.388849
3.65438,-10.7471,35.7759,-0.459093,0,-3.5,0,-0.997673,0.0628445,-0.0264465
4.96506,9.87313,7.03025,-0.385267,0,-2.54051,0,0.509592,-0.300929,-0.806076
5.88675,-3.85663,55.5606,-0.483669,-0.461488,-2.50528,0,0.0303727,-0.337812,0.940723
-2.45937,12.103,47.957,0.654724,0,-3.9,0,-0.0245219,0.925355,0.378308
-2.7225,5.17425,28.744,0.265442,0,-0.4,0,-0.498138,0.125868,0.857914
8.74075,9.3255,24.1879,0.366022,0,-0.839506,0,0.0586663,-0.834081,-0.548514
10.0597,-6.67375,53.2401,-1.13139,-0.490319,-1.49288,0,-0.377205,-0.532577,0.757679
17.408,-14.6645,44.268,-0.920658,0,-3.9,0,-0.551391,-0.59606,-0.583679
-4.299,11.8268,29.7553,0.0740001,-0.373438,-3.93722,0,-0.332451,-0.536535,0.775633
-14.5316,17.9889,19.9186,1.01503,0.726682,-3.9,0,-0.501464,0.380233,-0.777147
12.396,-10.1978,43.2257,0.220823,0,0.280137,0,-0.988512,-0.0960719,0.116682
3.31925,-4.93762,34.6649,0.104446,0,-3.5,0,-0.14326,-0.314238,-0.938473
-2.202,7.94537,47.5429,0.668437,0,-3.9,1,-0.571253,-0.812771,-0.114338
2.18144,-5.96019,35.0086,0.438387,0.0109877,-3.5,0,-0.309592,-0.408391,-0.858702
-2.67313,23.541,40.2334,-1.91584,-0.218855,-3.5,0,-0.90017,0.411595,0.142417
17.3377,-13.5299,43.3374,0.0377033,0,0.107995,0,-0.370194,-0.736316,-0.566388
-23.3647,21.6192,35.8007,-1.00003,-0.0885815,-3.5,0,-0.614063,0.609308,0.501667
-11.9432,3.50038,1.87487,0.640675,0.275211,-2.33029,0,-0.191835,-0.672161,-0.715121
-5.53819,24.3146,19.3306,-0.527524,-0.685742,-3.5593,0,-0.563903,0.45491,-0.689254
7.80675,-14.6649,34.9793,3.14232,0.153105,-3.9,0,-0.396013,-0.493196,0.774552
-13.5779,-4.79388,16.8194,1.38673,0.555059,-3.9,0,0.0928197,-0.567281,-0.818277
29.6434,0.354125,20.114,-1.33805,-0.533572,0.620755,0,0.406848,0.766746,-0.496564
6.42013,-12.4797,41.0122,1.21716,0,-3.9,0,0.810744,-0.584519,0.032128
28.5291,-1.08444,31.0558,0.294921,0,-0.7,0,0.935028,-0.185593,0.302122
10.4245,-12.2555,37.664,-0.573762,0,-3.5,0,-0.4957,-0.558126,0.665415
22.0632,-8.19637,9.96925,0.0498442,0,1.9,1,-0.424084,0.030464,-0.90511
-10.1674,-1.57394,10.0098,0.888789,0,-3.9,0,-0.8057,0.138912,-0.575805
-0.421875,15.9248,6.80013,-0.526632,-0.0314296,-3.5,0,0.401844,0.238148,-0.884198
-19.2908,-1.95312,21.6371,0.0173834,0,-3.9,0,-0.657086,-0.548136,0.51748
12.9145,-2.33562,55.8027,-1.33019,-0.0346152,-3.5,0,0.886781,0.101436,0.450922
11.8139,-3.43788,21.7958,0.504825,0,-1.3,0,-0.425074,0.480378,-0.767169
3.45481,4.4005,7.79812,0.113569,0,3.71842,1,0.893246,-0.322787,0.312922
5.60225,6.82438,11.0573,0.817651,0,-3.5,0,0.165518,-0.934505,-0.315126
-11.7378,-5.82837,16.7489,-1.38819,-0.162295,-3.5,0,-0.601415,-0.746971,-0.283432
-5.45669,-4.49587,3.465,-0.852087,-0.0918434,-3.5,0,-0.738838,0.661673,0.127699
7.77825,-7.02944,52.9046,-0.921605,0,-1.3,0,0.0223389,-0.594971,0.803437
0.8455,12.5465,1.1095,0.0383363,0,4.5,0,0.859484,0.424157,-0.285268
1.25281,18.7394,15.2254,0.0842843,0.276402,-0.697405,0,-0.48829,0.487148,0.724058
9.78337,-14.3005,29.9811,0.676265,0,-3.9,0,-0.230703,0.0830331,-0.969475
-0.785375,20.9618,7.22437,0.183483,0,4.2,0,0.843058,0.372594,0.38785
31.7471,-7.148,20.389,1.47669,0,-3.9,0,-0.579423,-0.386681,-0.717458
-23.7845,8.48331,26.9862,0.330214,0,-0.50594,0,-0.962177,-0.155236,-0.223867
-8.144,8.15194,-0.727813,-0.382885,0,-3.5,0,-0.271861,-0.809035,-0.521108
-27.3179,13.0564,30.762,-0.95822,-0.154822,-3.5,0,-0.573668,-0.786337,-0.229302
-3.89459,4.92641,37.8164,0.986793,0,-4.5,0,-0.676598,-0.666665,-0.312687
-2.21187,-0.454437,52.3787,0.0383805,0,-0.9,1,-0.89542,0.219385,0.387419
11.6383,7.2645,58.2841,-0.371372,0,-3.5,0,0.890256,0.243408,0.384964
32.1003,2.25675,14.3977,0.683543,0,-1.6,0,0.0846114,0.474575,0.876139
-3.71175,23.5361,4.85962,11.7521,0.235778,3.43686,0,-0.659723,0.282265,0.696486
-8.31347,19.8419,15.2814,-1.71224,-0.462138,-3.5,0,0.321205,0.789166,-0.523493
-6.86519,1.3565,28.3199,-0.0247194,0,-0.4,0,-0.315209,-0.932365,0.177025
14.434,9.48325,20.0854,-0.595555,-0.496321,-0.8,0,0.89537,-0.445315,0.00278375
-10.9221,-4.65225,12.6319,2.79255,0,-3.9,0,-0.892275,-0.447088,0.0629039
-23.968,15.734,44.5187,0.14065,0,-1.6,0,0.729364,0.0138754,0.683985
-21.3615,13.8179,43.4846,-0.030683,0,1.9,0,0.644487,0.759865,-0.0850984
18.9682,-0.341688,41.9361,0.41888,0,-3.5,0,0.752234,0.611115,-0.246338
-20.365,3.08013,8.01213,-0.145353,0,-3.54078,0,-0.31481,-0.858003,0.405864
-4.69375,27.9195,20.5344,2.89603,0.107201,-3.9,0,-0.0670999,0.995394,-0.0684723
14.5485,11.6014,27.3068,0.533758,0.121575,-4.5,0,0.696296,0.642765,-0.319414
-21.5868,21.7323,24.8356,2.86664,0.00482095,-3.9,0,0.916608,0.392915,0.0738069
22.3609,-3.90525,42.7918,1.96346,0,-3.9,0,0.827624,0.116314,0.549098
4.91706,5.78575,16.4445,0.86465,0.0147762,-4.5,0,-0.653829,-0.398488,-0.643207
19.5539,3.13925,29.4305,0.188692,0,2.8,0,-0.347277,0.748933,-0.564356
4.18575,-1.424,25.197,0.891385,0.637604,-3.10296,0,-0.413592,-0.529078,-0.740958
5.13837,18.7244,17.8364,-0.0511398,0,-1.3,0,-0.457471,0.537317,0.708527
-4.63175,7.0535,38.854,0.721885,0,-4.5,0,-0.988336,-0.0158457,-0.151463
0.09625,-10.0735,45.8737,-1.19877,-0.138868,-0.7,0,0.242164,-0.887399,-0.392276
-22.026,3.31506,41.5229,0.666369,0.102668,1.9,1,0.634332,-0.76338,0.121955
11.9012,8.78,45.2071,0.44136,0.248096,-3.5,0,0.930837,0.304627,0.201851
-0.306125,9.851,50.3327,0.0401516,0,-3.9,0,0.177825,0.155959,0.971625
-13.4685,-0.461,15.8818,-0.980603,0,-1.3242,0,0.318891,-0.855737,-0.407458
14.0717,11.7819,26.0356,-0.0350194,0,-4.44639,0,0.928576,0.371065,0.00754019
-21.5603,16.2517,39.405,0.388654,0,2.5,0,0.346673,0.903767,-0.251046
28.9984,2.43412,32.8638,0.862364,0.152189,-2.19468,0,-0.349513,0.684013,0.640287
-8.95344,17.6993,4.97306,0.892735,0,-4.5,0,-0.185241,0.640041,-0.745676
20.124,2.86475,46.3372,0.644332,0.37528,4.2,0,0.979813,0.189106,-0.0648546
-21.0316,19.1637,23.4215,0.446422,0.0589571,-0.7,0,-0.158198,0.639566,-0.752283
4.14719,3.06256,45.2057,-0.00709538,0,1.14872,0,-0.342029,-0.00494465,-0.939676
-4.79663,-3.102,9.97163,0.912005,0.667981,-0.7,0,-0.205527,-0.968225,-0.142473
11.7039,-11.6579,38.3816,-0.485467,0,-3.5,0,-0.00492503,-0.79169,0.610904
-7.713,6.919,0.835,-0.595433,-0.824701,-1.3,0,-0.507915,-0.330473,-0.795493
-23.5075,15.29,23.2795,-0.896831,-0.00591096,-0.7,0,-0.682266,0.319649,-0.657524
4.31287,11.2463,47.6413,-1.00228,-0.206802,-0.8,0,0.249594,0.334428,0.908769
14.0463,-11.172,28.8404,-0.253371,0,-2.44184,0,-0.4364,-0.64467,-0.627659
-0.0071875,9.69681,15.4828,0.392049,0,4.5,0,0.808614,-0.56161,-0.175323
16.5175,-10.3887,25.7498,0.351,0,-0.4,0,-0.626112,-0.342027,-0.700715
-26.0506,8.0575,44.7388,0.317849,0,1.9,1,-0.687264,-0.599692,0.409925
14.4356,-1.50731,25.6939,0.192595,0,-0.7,1,0.157172,0.49402,-0.855126
-8.18137,19.2027,12.3771,0.239677,0,4.2,0,0.649914,0.653926,0.38729
-1.94337,10.7027,30.6284,0.328679,0,-0.9,0,-0.825599,-0.308361,0.472545
1.45987,18.4075,39.8681,0.351975,0.0210033,-3.5,0,0.226332,0.482932,-0.845902
8.097,10.0278,7.57912,0.317155,0,-3.9,0,-0.0768958,-0.588326,-0.804959
-21.9024,4.92906,22.383,0.1125,0,4.2,0,-0.970808,0.0876725,-0.22326
-24.3587,13.1108,23.7881,-0.323641,0,3.33283,0,-0.483065,0.122751,-0.866938
-0.27925,10.6862,36.2892,-0.481118,-0.531095,3.8,0,-0.848264,-0.215034,-0.483952
7.2865,13.927,38.911,-0.195296,0,-1.3,0,0.540273,0.834809,0.105831
-10.0282,-3.42325,22.8058,0.469121,0,-3.9,0,0.899921,-0.104677,0.423303
0.0608125,19.5471,21.8075,-1.71969,-0.440254,-3.5,0,-0.0291443,0.625162,-0.77995
7.231,5.372,25.413,3.67096,0,-3.9,0,0.912658,-0.384465,-0.138712
12.9282,15.4749,15.5182,-0.495409,0,-3.5,0,0.024198,-0.58847,-0.808157
21.6877,4.46644,32.1628,0.229931,0,-3.35915,0,0.579005,0.81126,-0.0813027
1.57487,-3.12013,8.37862,0.273096,0,-0.7,0,0.677213,-0.729479,0.0961374
10.0494,19.7547,14.2902,0.120283,0,-3.35036,0,0.65442,0.540958,-0.528298
4.33169,8.82456,6.15637,0.00244421,0,3.8,0,0.847975,0.115622,-0.517272
-28.728,19.3862,34.141,-0.381737,-0.604249,-3.9,0,-0.65943,0.577335,-0.481494
9.75963,16.0058,35.1754,-1.98954,0,-3.5,0,-0.546929,0.753407,0.365029
5.3575,19.3805,26.3245,-0.0932881,0,-3.9,0,-0.891577,0.388012,0.233533
2.96216,17.65,18.0071,-0.886991,-0.135225,-1.3,0,-0.50478,0.831499,0.231963
-23.4616,21.9074,30.1652,0.299036,0.122063,-3.9,0,-0.29478,0.8388,0.457733
20.9937,-12.1407,28.9764,0.689755,0,-0.8,0,0.614322,-0.377171,0.693074
-16.151,-6.17588,17.7511,1.74082,0,-3.9,0,-0.0999538,-0.786973,-0.608838
18.399,0.723,50.452,-0.558043,0,-4.5,0,0.67287,-0.0261194,0.739299
24.4871,-9.81437,13.1324,0.198234,0,1.9,1,0.94319,-0.261778,0.204609
6.61219,6.02362,50.5561,0.00932463,0,4.5,0,-0.530715,0.771343,0.351244
13.886,1.57244,57.6146,0.347041,0,-1.6,0,0.881409,-0.453865,0.13086
26.8479,-0.0340625,33.9556,-0.389728,0,-0.7,0,0.351713,-0.0966438,0.931106
6.016,-12.2038,39.0738,0.472462,-0.00402498,-3.85128,0,0.791751,-0.610814,-0.00611481
3.08319,-2.48756,55.7852,0.0609828,0,1.8,0,0.0719053,0.114287,0.990842
10.1594,18.9053,25.7946,-0.0365682,0,-3.9,0,0.979297,0.197294,0.0453122
12.2635,13.527,26.5544,-0.172672,0,1.29788,0,0.713473,0.51557,0.474493
0.443125,1.51725,43.549,0.637698,0,-1.6,0,-0.136389,0.951258,-0.276597
21.0575,-6.96569,44.321,0.224884,0,-3.9,0,0.542014,0.0148789,0.840238
-5.94525,1.0255,2.52375,-0.157962,0,3.8,0,-0.336953,-0.67952,-0.651702
8.764,19.3697,27.5077,0.118135,0,-3.9,0,0.474387,0.193573,0.85877
-3.60663,8.42225,37.6313,0.761987,0,-4.5,0,-0.481371,0.761779,-0.43356
-24.3911,10.078,33.6515,-0.409552,0,3.2558,0,-0.819711,-0.541543,-0.186564
0.0314375,4.69625,49.1673,-0.0150751,0,3.8,0,-0.771891,0.335756,0.539862
16.3366,2.34156,27.158,0.758693,0.011675,-0.7,0,0.0549029,0.850176,-0.523628
17.7892,3.73338,30.7092,0.297944,0,2.82864,0,0.142452,0.803054,-0.578629
5.01512,20.8218,33.2084,0.895879,0,-3.9,0,-0.0751303,0.936302,-0.343066
-17.0082,10.8349,35.7746,0.577561,0,3.06945,0,0.572636,0.715972,-0.399339
24.4828,-7.10656,40.1288,-0.300326,-0.0415292,-3.5,0,0.953749,0.284659,0.0966009
-2.47638,18.1299,12.4755,0.29488,-0.490436,-3.5,0,-0.606876,0.79467,0.0141806
-16.9403,-3.12556,21.929,0.288081,0,-3.9,0,0.0470063,-0.193501,0.979973
-12.0018,17.177,19.5724,0.0227407,0,-3.9,0,-0.844218,0.131104,-0.519718
-0.25975,8.68713,33.9881,0.546806,0,-3.9,0,-0.871379,0.402945,0.279883
-5.13888,2.54012,30.3901,0.114429,0,-0.4,0,0.667795,-0.642223,0.376296
28.321,0.969938,11.5998,-0.27961,0,1.67501,0,0.393017,0.875115,-0.282332
31.5181,3.17637,13.4596,0.634404,0,-1.6,0,-0.411379,0.7465,0.522977
-0.809625,14.5103,-0.94775,0.505349,0.940062,-3.5,0,0.998908,0.00738457,0.0461268
-31.7453,11.5149,33.9984,2.93528,0.150048,-3.9,0,-0.49837,-0.699077,0.512756
-5.64525,11.038,47.1419,2.45533,0.481488,-3.9,0,-0.888719,0.429923,0.1592
-11.5618,21.0949,17.3792,0.483787,0,-3.5,0,-0.787096,0.305392,-0.535925
2.25725,1.78775,24.316,-1.76874,-0.289226,-3.5,0,0.405081,0.183094,-0.89576
-32.3018,18.4705,39.0821,-0.245628,-0.826571,-3.24613,0,-0.972921,0.171076,-0.155428
-2.62344,8.68294,46.3371,1.66993,0,-3.9,1,-0.421575,-0.863686,-0.276261
2.10219,-3.09775,2.77187,0.959954,0,-0.4,0,0.739123,-0.39078,0.548623
-22.513,19.3961,35.9383,-1.26209,0,-3.5,0,0.0311572,-0.518992,0.854211
18.9862,14.873,35.9367,0.375111,0,-3.9,0,0.9008,0.0843668,-0.42596
-23.1898,6.75075,12.0767,-0.934488,-0.101086,-0.4,0,-0.717985,-0.370869,0.589028
0.1235,13.1668,5.62609,0.120714,0,1.81508,0,0.882093,0.454175,-0.125046
-4.57475,6.978,41.9857,0.6793,0.171569,-4.5,0,-0.720772,0.312498,0.618734
-13.1894,4.27087,6.26613,0.0488543,0,-2.86552,0,-0.204877,-0.87828,0.432029
-1.57775,15.3376,-3.11825,1.34623,0,-3.84935,0,0.249938,0.0845415,-0.964564
5.15775,-8.80906,50.293,-0.180961,-0.0519269,-1.6,0,-0.239803,-0.901847,0.359398
18.3229,-15.2936,46.1616,-0.210809,-0.631224,-3.9,0,-0.225525,-0.973887,0.0261249
14.2122,-14.8161,50.057,-1.91629,-0.555454,-3.5,0,0.226178,-0.274189,0.9347
20.6496,8.30375,37.3604,-0.078874,-0.172123,-3.5,0,0.191075,0.417137,-0.888531
-19.7755,13.512,41.1035,-1.15001,-0.204271,2.5,0,0.752342,0.139148,0.643909
0.590312,-7.29881,40.0061,0.183255,0,-3.9,0,-0.986985,0.0798503,-0.139585
9.71887,-13.4882,36.6881,-2.01079,-0.00789183,-3.5,0,-0.626101,-0.186982,0.756991
-29.7865,15.5333,31.4902,0.216774,0,-3.9,0,-0.652399,0.202418,-0.730344
0.653875,11.1371,15.3003,0.493152,0,4.31448,0,0.657603,-0.647933,-0.38437
16.8574,13.9427,39.8058,-0.87213,0,-3.5,0,-0.304561,0.565255,0.766635
3.34019,5.92381,25.1387,2.18089,0.121441,-3.9,0,-0.156998,-0.650955,-0.742704
-1.27775,9.11425,12.07,-0.176266,-0.0897882,0.401572,0,0.758578,-0.60321,0.246366
-2.67125,12.1412,38.2435,-0.0725444,-0.0293419,-3.16782,0,-0.414341,-0.690942,0.592386
34.1881,-2.3365,13.0638,-0.0100556,0.0845229,2.04732,0,0.201199,-0.976568,-0.0763767
12.3454,11.8106,17.8954,0.300168,0.436504,-0.920356,0,0.220822,-0.391195,-0.893423
-1.5695,18.9788,9.98994,0.240929,0,-3.5,0,0.0860342,0.972088,0.218273
3.276,-1.22525,8.0405,0.466193,0,-0.4,0,0.488521,-0.478684,0.729526
-6.5955,0.157438,5.38413,-0.0797607,0,3.8,0,-0.336882,-0.858801,-0.385968
37.5677,0.078375,18.9013,0.162883,0,-3.9,0,0.965118,-0.0833756,0.248185
8.61175,13.3717,38.4782,-0.34886,0,1.16709,0,0.450205,0.616972,0.645492
0.66525,-5.20475,2.58375,1.14441,0.40236,-0.4,0,0.375817,-0.92404,0.0700827
19.9207,-15.9144,46.1039,0.185581,0,-3.9,0,0.000956805,-0.967042,-0.254616
-9.81775,1.89781,2.76688,0.219839,0,-1.6,0,-0.0755863,-0.57431,-0.815141
15.8789,-10.9711,36.0762,0.15063,0,-2.58041,0,0.292507,-0.92296,0.25017
34.1934,-5.14362,28.3944,-2.29145,-0.433748,-3.5,0,0.441179,-0.863432,0.244635
-17.3007,1.22531,7.90831,0.182683,0,-3.5,0,-0.0705997,-0.925849,0.37124
4.33563,13.0772,7.61587,-0.434474,-0.00278498,-3.9,0,-0.214762,0.711021,-0.669572
8.125,8.07088,17.6857,0.50598,0.396205,-4.5,0,0.859093,0.510766,0.0328248
-24.0595,7.534,36.213,0.131761,0.144908,-0.8,0,-0.984972,-0.0265191,0.170665
-20.3686,5.0635,17.8715,0.1943,0,-1.6,0,-0.936577,-0.159003,0.312315
7.4965,-12.3645,36.0165,-0.531802,-0.163494,-3.5,0,0.460353,-0.246503,0.852826
15.837,15.3018,18.9526,-0.38405,0,-3.5,0,0.916493,-0.0369876,-0.398337
7.66669,7.22869,50.3704,-0.890283,-0.377535,-3.5,0,-0.403832,0.404779,0.820411
2.02406,2.20481,34.581,-0.172427,0,3.8,0,-0.957465,-0.2805,-0.0676804
-11.2205,-6.14025,18.2295,0.657731,-0.106812,-3.5,0,-0.28939,-0.949035,-0.124842
19.2757,-10.9303,36.7234,0.228569,0,-1.6,0,0.330434,-0.741681,-0.583715
-30.1172,11.7452,34.4019,1.62601,0,-3.9,0,0.00969997,-0.823696,0.566948
-23.8846,18.6441,26.2289,0.531437,0,-3.6327,0,-0.682048,-0.554658,-0.476618
-17.731,2.11831,2.35269,-1.84559,-0.849179,-3.5,0,-0.0682887,-0.0675552,-0.995376
-2.29813,1.48088,51.7827,0.0708675,0,2.8,0,-0.732332,0.400983,0.550366
13.8387,0.210375,28.313,-0.471331,-0.0146553,0.0310262,0,-0.89704,0.402399,0.18274
23.5543,-8.67525,32.5701,-0.00651598,-0.0209504,-3.5,0,0.372731,-0.898096,0.233442
-15.1761,9.25863,1.01188,0.532828,0.25087,-3.5,0,-0.816237,0.479336,-0.322482
30.5818,2.17475,11.6545,0.270352,0,-1.6,0,-0.644332,0.432958,-0.630384
-18.62,14.3562,33.7118,0.547348,0,-3.9,0,0.598911,-0.725189,0.339714
-19.7077,11.0771,10.657,0.126853,0,-3.8369,0,-0.431772,0.533347,-0.727402
28.3819,-4.92812,23.8902,-0.221063,-0.38435,0.104164,0,0.0766881,-0.997022,-0.00807047
-23.3057,13.2939,45.5382,-0.511077,-0.0870811,1.81551,0,0.138576,0.718307,0.681786
1.69237,5.41138,19.0982,0.709149,0.530317,-4.5,0,0.222555,-0.937651,-0.266985
-11.8159,0.161875,10.945,0.133639,0,4.2,0,-0.553674,-0.254904,-0.792761
11.25,14.7229,44.259,-0.222368,0,-0.7,0,0.772683,-0.0963413,-0.627438
15.7413,-10.6679,37.5484,-0.153991,0,-1.6,0,-0.389533,-0.806437,0.444886
-1.69325,0.184813,53.2435,-0.0123178,0,-0.9,0,-0.782461,0.550476,0.291086
-4.51638,13.2158,-2.25688,2.89713,0,-3.9,0,-0.495006,0.22384,-0.839562
-28.4552,13.8136,42.934,0.0669609,-0.0440831,2.5,0,-0.895727,-0.320178,-0.308479
2.59156,10.1179,5.45463,0.0212905,0,3.8,0,0.360418,0.664254,-0.654878
-16.9969,7.077,3.48575,-0.671365,-0.380738,1.8,0,-0.475999,0.576648,-0.664004
31.8,0.255,19.244,-0.133521,-0.239215,-3.9,0,-0.635717,0.457507,-0.621733
15.4946,1.91025,26.425,0.22347,0,-0.7,0,-0.11276,0.66218,-0.740812
-4.95675,19.9618,16.5537,0.239384,0,-1.3,0,-0.0554521,0.750835,-0.658157
-8.20694,15.5856,-0.319375,0.268192,0,-1.6,0,-0.98737,0.125172,-0.0971176
3.71369,2.759,6.90375,0.177422,0,2.27896,1,0.983031,0.11714,0.141169
17.1386,2.27312,51.5584,0.248412,0,-4.5,0,0.653669,0.31254,0.689228
9.74613,-10.9434,48.9709,0.122236,0,-1.6,0,0.194601,-0.9734,-0.120923
15.0299,-7.66319,19.852,0.28448,0,4.2,1,-0.751834,-0.637192,-0.169505
-4.63788,9.32025,48.1416,1.81036,0.297601,-3.9,0,-0.680484,-0.540122,0.495186
-25.3967,7.93275,41.6792,-0.66802,-0.417537,1.41974,1,-0.873348,-0.363582,-0.324147
-12.0167,18.5333,24.0846,0.64744,0,2.98887,0,-0.33007,0.544973,0.770752
-5.19287,14.0402,39.3865,0.875833,-0.0743795,-0.8,0,-0.304101,-0.203853,0.930573
-0.773625,2.02213,-2.31737,0.0769146,0,-0.9,0,-0.142399,-0.403905,-0.90365
16.309,12.2525,30.2593,-0.292684,0,0.302935,0,0.404671,0.156701,-0.900936
-1.47462,2.71112,46.3436,0.248625,0,3.8,1,-0.954066,0.0780587,-0.289248
-25.2098,21.0643,25.7715,1.0603,0,-3.9,0,-0.955973,-0.050863,-0.289012
2.01769,-1.11506,8.55569,0.609161,0,-0.455315,0,0.486172,-0.151575,0.860617
-1.50275,3.7535,21.8258,-0.405806,0,2.84787,0,0.520413,-0.757877,-0.393436
19.5841,16.035,37.3594,1.55921,0,-3.9,0,0.783977,0.367194,-0.500547
-2.66406,19.5982,0.448,0.14359,-0.0957396,-3.5,0,-0.313474,0.781867,-0.538904
14.1865,-6.25356,27.4216,-0.0105241,-0.0222992,2.05148,0,-0.752754,-0.174038,-0.634879
-4.813,21.0858,17.6128,-0.491189,0,-3.5,0,0.272393,0.504171,-0.81952
2.75541,-2.83541,30.539,0.11547,0,1.8,0,-0.920224,-0.379357,0.0963138
13.3454,11.3886,24.59,-0.0170788,0,-0.7,0,0.788065,-0.566836,-0.240105
24.2275,0.554,23.8203,0.47076,0,-3.16523,0,-0.978493,0.0338216,-0.203488
4.55237,-12.362,42.8279,0.662825,0,-3.9,0,0.124005,-0.696465,0.706795
-4.06563,-6.235,47.8855,1.51138,0.630549,-0.4,0,-0.834261,-0.428507,-0.346973
21.1269,-1.29569,46.9122,0.20685,0,4.2,0,0.913283,-0.0615586,0.402648
3.77025,14.0119,8.59762,-0.523311,-0.323956,-0.8,0,-0.0629432,0.447203,-0.892215
20.167,-11.0474,30.2332,0.165957,0,2.24162,0,0.80022,-0.242527,0.548479
-21.1877,21.6909,36.9575,-1.8286,-0.703649,-3.5,0,0.393268,0.408681,0.823602
2.12762,-8.95725,49.9821,-0.0129339,0,3.8,0,-0.129725,-0.917874,0.375072
17.6621,-13.9046,29.7313,-0.402357,-0.181025,3.97469,0,-0.10903,-0.993899,0.016648
3.15287,4.92938,9.4175,0.36427,0,3.8,0,0.742926,-0.439422,0.504945
10.6538,15.5667,46.9171,-0.045355,0,-0.7,0,0.304763,0.400391,0.86418
-5.421,15.5693,38.7301,0.333708,0.518189,-0.8,0,-0.787277,0.409171,0.461273
9.44925,21.9954,17.9935,0.238252,0,-3.5,0,0.492143,0.824858,-0.278215
11.4254,18.8714,18.6342,0.666357,0.167428,-3.5,0,-0.0260711,0.201818,0.979076
-23.0981,6.77975,33.6171,0.0981093,-0.196475,-0.912083,0,-0.9227,-0.0590119,-0.380977
13.6401,-8.54075,27.261,0.910188,0,-0.4,0,-0.652772,0.179551,-0.735969
4.181,-0.114875,3.48213,-0.0485245,0,-0.9,1,0.898758,-0.332323,-0.286
-18.3501,-3.20025,18.2163,0.310925,0,-3.9,0,-0.63036,-0.107387,-0.768839
15.2991,17.4363,20.4901,-0.621782,-0.00647543,-3.5,0,0.235848,-0.0137393,0.971693
-3.93575,1.08931,1.85506,-0.0777842,0,3.8,0,-0.319717,-0.614541,-0.721193
-20.1285,8.535,42.4588,0.211544,-0.0449107,-0.7,1,0.915026,0.0959097,0.391827
8.95256,15.7824,33.4459,-0.408368,0,2.51038,0,-0.298323,0.862804,0.408133
-13.2755,15.7271,18.8745,0.151669,0,-3.5,0,-0.144009,0.843994,-0.516658
32.7739,0.57175,14.6119,0.672702,0,-1.6,0,0.042205,0.408916,0.911595
-12.0009,16.9423,5.73106,-0.301465,0,-4.5,0,-0.560196,0.577818,-0.593554
25.1981,1.28963,14.2819,-0.998186,0,2.5,0,-0.573253,0.743499,-0.34437
14.186,1.99981,28.1654,0.189453,0,-0.7,0,-0.948511,0.224331,-0.223614
1.59512,-0.258625,39.3409,-0.507015,0,-1.3,0,-0.996372,-0.084457,-0.0104434
9.55112,-10.5165,41.4209,0.0299062,0,4.2,0,0.204858,-0.594071,0.77789
-2.22863,-14.319,50.248,-2.09628,-0.448213,-3.5,0,0.0304953,-0.542871,0.839262
-12.6999,0.4125,11.7542,0.0747282,0,4.2,0,-0.438406,-0.448417,-0.778924
8.83712,16.909,21.11,-0.0744872,0,3.8,0,0.697956,0.647662,0.305598
20.3166,0.0745625,20.0395,0.966051,0.5023,-3.2,0,-0.372218,0.87845,0.299632
2.62987,-10.0747,43.4224,0.0852166,0,-3.9,0,-0.612368,-0.651339,0.448065
-1.36525,10.6108,32.7565,0.2586,0,-3.70628,0,-0.83058,-0.360677,0.424322
8.84937,7.13669,18.3125,0.483835,0,-4.5,0,0.904418,0.149839,0.399471
-8.70912,20.3271,9.62613,0.331412,0,4.2,0,0.386162,0.881404,-0.272042
17.855,-9.8965,18.5352,0.198712,0,4.2,1,-0.179359,-0.503627,-0.845098
-13.6903,14.0042,6.93862,0.0701555,0,4.2,0,-0.452557,-0.305995,-0.837592
-2.39675,-2.14112,17.6555,-0.615699,-0.394565,-3.5,0,0.432379,-0.893342,0.122425
13.7703,-14.3193,30.2969,-0.00400003,0,-3.9,0,0.236348,-0.664193,-0.709216
-3.33975,18.1295,14.6841,0.221636,0.0495112,-1.43513,0,-0.259196,0.808179,-0.528833
-14.2319,10.672,40.4027,0.116023,0,3.8,0,0.728938,0.467915,0.499705
18.8314,-11.276,39.5544,0.194014,0,-1.33889,0,-0.0808197,-0.958949,-0.271818
-6.49325,17.3307,10.0574,1.31598,0,4.2,0,0.918082,0.333283,0.214585
11.5714,11.3411,8.7765,0.995272,0,-3.9,0,0.834061,0.33783,-0.436135
15.694,16.9634,27.1426,-0.37095,0,-3.5,0,0.114741,-0.475859,-0.872005
-23.0029,16.4894,41.716,0.590893,0,2.5,0,0.254767,0.847128,0.466334
-23.4901,3.52087,24.1082,0.439174,0,-0.8,0,-0.619417,0.416459,-0.665496
-3.44106,-13.8381,48.2151,-1.51545,0,-3.5,0,-0.85909,-0.36889,-0.354801
-21.0039,7.23475,5.562,0.0528559,0,-3.9,0,0.399957,0.771131,-0.49537
-12.3356,9.10363,4.50675,0.480004,0,-4.5,0,-0.797188,0.589234,0.131508
6.6645,-13.7606,35.0359,0.28229,0.638166,-3.9,0,-0.0895035,-0.875802,0.474299
3.15175,10.5507,13.4537,-0.62067,-0.636769,-3.5,0,-0.835618,-0.527037,0.154838
-13.7693,16.4206,19.7124,0.315087,0,-3.5,0,0.178839,0.484706,-0.856199
15.5013,11.2774,40.8218,-0.752272,0,-3.5,0,-0.19397,0.344293,0.918606
-1.60337,21.7339,31.2469,-0.881095,-0.15212,-3.5,0,-0.345006,-0.653761,0.673475
-23.1448,3.48962,8.24275,-1.37281,-0.025563,-3.9,0,-0.534435,-0.844268,0.0398847
23.9286,-11.2109,35.9608,0.209933,0,-3.5,0,0.335113,-0.935317,-0.113495
2.26231,-2.02144,3.78881,1.11765,0,-0.825816,0,0.594202,-0.775699,0.212638
-0.469,-0.97075,29.6831,-2.1371,-0.166938,-3.5,0,-0.0404713,-0.963671,0.264007
-13.8811,-0.102,32.9215,0.620379,0.0128554,-4.5,0,-0.348614,-0.812488,-0.467259
-14.9011,19.5595,22.5264,2.68401,0.248969,-3.9,0,-0.801247,0.346113,0.488067
13.3673,11.4749,38.5543,-1.0019,0,-1.3,0,-0.202358,0.970707,-0.129532
15.875,-6.4465,48.143,0.665007,0,1.8,0,0.504049,0.471994,0.723296
22.2708,-2.56638,36.7395,-0.177699,-0.105004,-3.5,0,0.998279,-0.0449337,-0.037671
11.0583,-9.05075,42.2181,0.320133,0,-1.3,0,-0.18483,-0.874389,0.448645
-13.8518,5.50219,33.5139,0.879057,0,-4.5,0,0.495979,0.675855,0.545183
10.8986,9.73206,54.7962,0.254514,0,4.2,0,-0.794978,0.606528,-0.0115484
-0.452625,-9.613,50.4049,-0.0784941,-0.196821,-3.5,0,0.709484,-0.224135,0.668129
9.94628,16.9168,45.0757,-0.27553,0,-0.7,0,0.312658,0.949753,-0.014666
20.8025,-7.619,13.5017,0.212746,0,-0.32611,1,-0.857526,-0.411077,-0.309297
16.9406,-13.3001,32.4556,0.0199884,-0.105854,4.2,0,0.196578,-0.730698,0.653787
-5.018,11.5488,45.9109,3.10326,0.158502,-3.9,0,-0.510872,0.721117,-0.467974
-0.985,14.3571,5.4195,0.0639177,0,4.5,0,0.585595,0.807585,-0.0698967
33.7596,2.65125,10.3387,0.259093,0,-1.6,0,0.107669,0.214678,-0.970732
-4.85369,4.45781,29.2201,0.470444,0,-0.4,0,0.440565,0.771216,0.459487
7.17175,2.31381,29.8048,0.730536,0,1.04734,0,0.821066,0.176281,-0.542932
32.2753,0.985438,29.1794,0.380938,0,-3.9,0,0.880219,-0.422287,0.216538
-4.11575,9.58613,-3.1965,-1.05998,0,-3.5,0,-0.125943,-0.288804,-0.949068
22.8206,-0.267625,25.0259,0.383002,0,4.2,0,-0.314191,0.692207,-0.649718
-1.4875,2.35812,52.1759,0.248943,0,2.8,0,-0.255167,0.797099,0.547288
22.2139,8.608,37.7596,0.818076,0.725136,-3.5,0,0.756556,0.382024,-0.530736
29.5212,6.80856,23.5452,-1.96545,-0.0804983,-3.5,0,0.0342689,0.833434,0.551556
7.179,3.78831,59.3445,0.507553,0,-3.9,0,-0.568619,0.261073,0.780072
13.1106,7.48175,26.1409,1.0455,0.689557,-4.5,0,0.350102,-0.693477,-0.629697
19.8411,-7.59912,14.8927,-1.06927,-0.344516,-0.780714,1,-0.776134,-0.482682,-0.405752
10.7237,1.83556,30.4594,-0.897728,-0.384796,3.8,0,-0.132994,-0.17036,-0.976366
9.49131,-9.60781,42.4186,0.0394619,0,4.2,0,0.272935,-0.726447,0.6307
10.6787,-14.5852,36.7543,-1.84479,-0.338643,-3.5,0,-0.0956258,-0.719339,0.688046
34.8667,-4.27525,27.1775,-1.59366,-0.0532941,-3.5,0,0.533846,-0.743423,-0.402903
-1.11075,19.2451,12.9113,-1.54677,-0.486678,-3.5,0,-0.379877,0.882029,0.278779
4.8845,-13.7878,40.6863,1.85438,0.131002,-3.9,0,0.401915,-0.908214,0.116671
-20.5976,13.9116,44.8235,0.50654,0,1.9,0,0.406227,0.910278,-0.0798367
11.1348,9.79313,8.45425,2.2311,0,-3.9,0,0.571902,-0.304845,-0.761576
4.81425,-8.657,47.6009,-0.0779704,-0.020851,-1.39722,0,-0.402013,-0.901785,0.158647
-0.187375,9.19119,10.8176,-0.278432,0,-1.6,0,0.397877,-0.642503,0.654892
24.3334,1.5675,22.2811,0.564564,0,-3.9,0,-0.84179,-0.119969,-0.526305
23.5432,-10.338,11.0115,-0.427258,0,1.9,1,0.607239,-0.488673,-0.626466
-12.1597,19.1639,23.2256,1.31463,0,-3.9,0,0.11176,0.729092,0.675229
18.953,13.6388,37.8457,0.76539,0,-3.9,0,0.790778,-0.59767,0.132143
-7.5505,3.449,0.5905,-1.29304,-0.0728898,-1.6,0,-0.738085,-0.340013,-0.58277
-3.57994,-0.717125,50.1323,-0.25521,-0.388746,0.690253,1,-0.846426,0.382682,0.370293
0.851937,18.173,9.50094,0.257391,0,-3.5,0,0.681504,0.694659,-0.230222
13.6049,-4.66175,23.971,0.85629,0.100206,-4.02558,0,-0.118595,-0.99245,-0.0312632
-0.3315,11.1397,44.4092,-0.0937326,0,-3.58636,0,-0.737887,0.67458,0.0215642
8.50281,12.1158,42.2189,0.0497854,0.00495329,3.67191,0,0.695685,0.310788,-0.647637
-1.24,6.60838,15.1319,0.518407,0.149191,-1.3,0,0.839573,0.344398,-0.420128
5.60625,15.1731,39.4436,-0.350982,0,-3.5,0,0.80811,0.481206,-0.339704
-2.74244,18.8801,9.35494,0.400982,0,-3.5,0,-0.588627,0.604008,0.537301
7.52112,22.3004,25.9455,2.57194,0,-3.9,0,-0.00791654,0.857891,0.513771
15.0466,-11.0477,39.9971,-0.525029,0,1.9,0,-0.115345,-0.430421,-0.895228
26.6128,0.918187,18.5944,-0.31774,-0.586547,-1.51482,0,-0.609036,0.709612,0.354296
-5.11137,16.7512,14.4478,0.360258,0,4.5,0,-0.239827,0.935686,-0.258794
-21.597,21.0427,26.3714,1.34084,0,-3.9,0,0.924645,0.377554,-0.0498484
-19.4156,0.406188,33.5641,0.225578,0,4.2,1,0.230999,-0.783359,0.577051
-6.67169,10.6495,27.2644,-0.633301,0,2.69971,0,-0.46712,-0.784373,0.408115
28.3079,3.27775,21.6073,0.413837,0,-3.9,0,0.0041688,0.12758,-0.99182
-1.7005,-0.797,0.3605,-0.494402,0,-0.924264,0,-0.693303,-0.0611442,-0.718047
14.2718,10.8528,51.0231,0.561144,0,4.2,0,0.665647,0.576254,-0.474178
-20.1155,11.8281,11.251,0.138243,0,-3.54127,0,-0.241538,0.647068,-0.723162
31.7175,1.31625,20.6227,-0.285788,-0.651181,-3.7758,0,-0.522325,0.284028,-0.804055
4.134,17.3975,10.984,-0.717889,-0.361761,2.06571,0,-0.0658777,0.154697,-0.985763
27.941,-5.00581,26.7209,0.176555,0,3.8,0,0.337069,-0.877801,-0.340368
-23.6804,16.9964,27.0397,0.382584,0,2.49344,0,-0.577918,-0.0137431,-0.815979
4.29331,6.49125,5.7905,-0.110675,0,3.18511,1,0.990166,0.111717,-0.0842002
2.01463,5.83669,24.8701,0.860363,0,1.9,0,0.63928,-0.528693,-0.558394
-1.06737,5.8145,12.206,0.265141,0,-1.6,0,0.422265,0.862553,0.278738
-28.7807,20.0424,35.4349,0.125033,-0.857888,-3.9,0,-0.504715,0.729444,-0.461709
-0.417437,20.3918,30.552,-0.602376,-0.331718,-0.177735,0,-0.46524,-0.358811,0.809201
-18.0794,18.5941,28.4461,0.667941,0,0.0268,0,0.450139,0.82429,-0.343396
-8.29338,-2.433,19.1292,0.226152,-0.184736,-0.64325,0,0.546008,-0.571328,0.612747
-0.40775,10.256,41.1325,-0.9195,-0.522042,-2.19047,0,-0.975426,0.0715378,0.208388
-1.54275,9.882,37.3548,0.0860372,-0.0384079,-4.31728,0,-0.924174,0.314355,-0.216985
10.4387,14.6048,36.3429,-1.19761,-0.138106,1.15633,0,0.0287349,0.474579,0.879744
-2.02888,11.2803,-3.7015,0.100256,0,-3.9,0,0.202861,-0.299677,-0.932224
-3.51087,20.4894,29.0408,-0.664494,-0.310083,-3.5,0,-0.504864,-0.456341,0.732711
-13.487,-2.749,16.56,-0.46794,-0.46334,-3.5,0,0.109354,-0.111862,-0.987689
-1.20012,-0.735375,28.3249,-1.09082,-0.252031,-3.5,0,-0.214741,-0.973517,-0.0784266
-11.5286,16.2192,17.1749,-0.149559,-0.487276,4.2,0,-0.936795,0.196592,-0.289425
-16.2734,15.3889,9.10216,0.182578,0,4.2,0,-0.873631,0.452788,-0.17819
-4.06094,16.74,32.4609,-0.0111157,0,-2.79072,0,-0.91384,0.338422,0.224425
6.9875,17.9849,21.9134,-0.0580531,0,3.8,0,-0.207656,0.970321,-0.123921
1.15109,17.1856,-0.750375,0.4009,0,-3.5,0,0.918445,-0.217501,-0.330382
-30.3205,15.3766,41.3292,0.590854,0,-0.4,0,-0.336831,-0.865063,0.371768
12.6303,-10.9946,44.5896,0.617575,0,1.9,0,-0.942116,-0.0693083,0.328044
12.3986,10.9234,53.2498,0.740581,0,-0.0265313,0,-0.577699,0.808013,-0.115664
1.20256,-2.49219,40.4997,0.353633,0,-1.6,0,-0.676926,-0.0829131,-0.731366
-23.8783,9.13875,37.7507,-0.433239,0,-3.5,0,-0.829836,-0.553441,-0.0712344
3.41275,4.1115,45.1232,0.421627,0,3.8,0,-0.0854524,-0.296457,-0.951215
-19.6535,12.6765,36.339,-1.58091,-0.204984,-3.5,0,0.580605,0.792787,-0.185433
6.09156,-10.0451,46.8469,-0.0862274,0,-1.6,0,0.0478932,-0.953387,0.297924
-15.6171,-4.89962,16.4608,2.94174,0,-3.9,0,-0.0959241,-0.534119,-0.83995
36.2567,-1.90325,11.2164,-1.56127,-0.0539137,-1.6,0,0.321237,-0.859556,-0.397455
32.6046,-0.804,18.9309,0.266147,0,-3.9,0,-0.278693,0.0366853,-0.959679
14.6377,-6.55387,51.0939,0.287791,0,-3.5,0,0.809267,0.517722,-0.27758
1.37513,-4.90863,1.83075,0.402471,0,-0.4,0,0.212619,-0.974137,0.0764908
-1.20938,-0.188313,26.1597,-0.285357,0,-3.5,0,-0.190499,-0.911175,-0.365337
23.1197,2.564,36.926,0.0250555,-0.214315,-3.5,0,0.852289,0.436492,0.288233
-19.0758,15.0349,13.9747,2.94416,0,-3.9,0,-0.608514,0.757341,-0.23695
-2.2735,23.0312,21.736,-0.511155,0,-3.9,0,0.903339,-0.3611,-0.231484
8.5495,5.526,27.112,0.10659,0,-2.3733,0,0.164256,-0.400598,-0.901411
-4.75637,25.6805,18.9149,1.80202,0.0969469,-3.9,0,-0.387389,-0.0061454,-0.921896
-7.32294,6.53456,31.174,0.360659,0,-1.3,0,0.336634,0.898724,-0.28102
-0.740313,-0.0235,11.4807,-0.0402257,-0.132515,-1.47978,0,0.380708,-0.30742,0.872097
33.6958,-7.33563,20.1045,1.43443,0,-3.9,0,0.469855,-0.357718,-0.807016
-27.7051,20.7639,35.2308,-0.602217,-0.276,-3.9,0,-0.0409534,0.997634,-0.0552149
-12.6514,9.12763,29.4102,0.0674396,0,-0.7,1,0.375222,-0.141041,0.916142
-2.57044,23.1044,1.58438,2.08742,0,-0.8,0,-0.259868,0.0133757,-0.965551
-10.6826,19.4007,22.9434,0.358294,0,-3.9,0,-0.0354926,0.986366,0.160692
24.6658,-8.7535,39.4924,-0.335761,0,-3.5,0,0.877598,-0.476873,-0.0491376
24.3023,1.98981,11.0307,-0.35105,0,1.9,0,-0.577634,0.762802,0.29064
31.1034,-6.63987,21.541,1.39936,0,-3.9,0,-0.968368,-0.248792,-0.0191549
-4.99644,-7.91012,53.2098,-0.0935243,-0.0673689,-0.4,0,-0.295718,-0.26701,0.917201
24.9561,-7.86613,11.5927,0.348068,0,1.9,1,0.897457,-0.438849,0.0445273
-24.04,22.7922,23.8155,3.06378,0,-3.9,0,-0.454906,0.713042,-0.533509
7.01531,-10.9819,37.5372,-0.762656,-0.302896,-3.5,0,0.744255,-0.667798,-0.0114037
13.4722,2.5735,54.6247,0.536343,0,-1.6,0,0.993134,-0.0185465,-0.115503
-13.8728,2.47375,25.1675,-0.130166,-0.395583,-0.4,0,0.25264,-0.212728,0.943885
15.2595,15.5627,36.5633,-0.377793,0,-3.9,0,-0.81698,0.34026,0.465583
0.146437,5.19206,-2.59212,-0.0448974,0,-0.9,0,-0.38453,0.52036,-0.762471
6.21225,15.3499,36.5103,-0.147826,0,4.07061,0,0.36429,0.666198,0.650748
10.3818,2.20481,58.8941,3.09354,0,-1.67971,0,0.0373061,-0.280539,0.959117
2.59072,14.7162,48.0401,0.0871334,0,-1.6,0,-0.803211,-0.260778,0.535581
20.3673,7.06675,33.616,0.433503,0,-0.801014,0,0.874849,0.383659,-0.295711
19.1769,7.87575,36.1705,-0.0715187,0,-2.19824,0,0.776989,0.609518,-0.157402
7.98612,18.3542,20.3909,-0.019451,0,3.8,0,0.254006,0.72889,0.635768
-21.1701,21.8949,33.4469,-1.13635,-0.402476,-3.5,0,0.306732,0.796671,-0.520799
9.009,-4.6535,29.6265,0.198196,0,3.8,0,-0.634201,-0.721594,-0.277652
-1.81275,24.5861,23.3411,-0.000818785,0,-3.9,0,0.961865,0.268853,-0.0503351
0.439375,6.39959,31.6602,2.27941,0,-3.9,0,-0.0863216,-0.933153,0.348963
21.363,-13.9287,42.213,0.0473151,0,-0.4,0,0.524378,-0.727989,-0.441655
15.6679,-7.31663,53.7832,0.392791,0,-3.5,0,0.845992,-0.00605936,0.533162
-5.0665,3.68775,-2.73913,0.0706822,0,-1.6,0,-0.302177,-0.0933335,-0.948672
-23.8236,9.61213,23.9068,0.0193814,0,-0.0942804,0,-0.903483,-0.397292,-0.160864
16.6957,-11.3351,37.5126,0.00488323,0,-1.6,0,-0.151662,-0.982744,-0.105892
10.3418,-9.4365,29.1934,0.0817458,-0.0242729,-2.27008,0,-0.218142,-0.342681,-0.913774
-14.1256,12.0121,29.1971,0.363168,0.0092155,-0.7,0,0.286477,0.457886,0.841589
17.5557,-7.22531,47.3502,0.2561,0,-2.34087,0,0.688801,0.277659,0.669671
0.3055,-8.83406,41.3393,0.40549,0,-1.72094,0,-0.762984,-0.559602,-0.323575
-3.24587,19.2065,40.8044,-0.340156,-0.00268503,-3.5,0,-0.907838,0.397088,0.134728
22.677,-9.174,29.068,0.150979,0,-1.42472,0,0.638549,-0.73875,0.215649
-18.0061,15.4209,15.0126,3.4049,0,-3.9,0,-0.229645,0.971117,0.0647642
-3.084,-6.17487,53.5366,-0.48687,0,-0.772719,1,-0.125283,-0.342416,0.931158
9.66044,21.3238,19.4188,0.39779,0,-3.5,0,0.586039,0.614846,0.527753
3.49875,23.4202,13.5898,-0.0454238,0,-0.7,0,0.414907,0.899191,-0.138953
18.4889,13.8994,34.3264,0.49699,0,-3.9,0,0.959614,0.196385,-0.201432
4.66844,7.2795,41.5411,0.642368,0,3.8,0,-0.528544,-0.846772,-0.0601532
-2.314,22.8169,32.2459,-0.401136,0,-3.5,0,-0.508649,-0.326703,0.796581
1.94562,-9.10031,45.9423,-0.382912,0,-0.759209,0,0.152549,-0.926735,0.343352
-22.2767,7.15119,16.4961,0.0849471,0,-1.6,0,-0.606792,-0.601761,-0.519314
-1.9065,6.174,13.3709,0.398895,0,-1.3,0,0.81356,0.555943,-0.170435
22.3372,-8.61381,20.9449,-0.0123075,-0.164413,-1.24573,0,0.795042,-0.507492,-0.332206
12.9809,-1.82081,22.5097,0.358639,0,-4.36506,1,0.432972,0.76376,-0.478755
6.09713,5.42788,23.5832,1.87322,0.0701353,-3.9,0,0.410408,-0.453478,-0.791153
17.0201,0.53775,15.5331,0.237974,0,3.8,1,-0.957526,-0.262224,-0.119929
2.042,16.8588,10.2052,-0.0261717,0.0492393,-2.08974,0,0.484631,0.565913,-0.66699
2.41228,17.5245,19.175,-0.270562,0,2.34133,0,-0.113425,0.91623,-0.384262
-15.0887,6.32475,33.4955,0.580673,0,-4.5,0,0.408265,0.397325,0.821859
21.1173,-14.8202,45.586,0.4903,0,-3.46687,0,0.719938,-0.615844,-0.320041
-24.3528,6.57281,10.5723,-0.023097,0,-0.4,0,-0.991276,-0.0692942,0.112115
15.131,4.49025,52.1533,0.81809,0,-4.5,0,0.541089,0.113856,0.833223
-8.87412,-4.19537,10.1149,1.59898,0,-3.9,0,0.126329,-0.707996,-0.694825
-18.9237,4.87362,38.3586,0.311595,0,-0.739951,1,0.642746,-0.693337,-0.325824
8.56137,11.3459,6.88963,0.202273,0,-3.9,0,-0.0751147,-0.159917,-0.984268
22.1523,-9.92625,10.2539,-0.66693,0,1.9,1,-0.0953816,-0.172693,-0.980347
30.6519,-5.154,24.0214,-0.542099,0,-3.5,0,-0.10308,-0.989808,0.0982605
11.7542,-4.5085,19.1855,0.183047,0,-4.5,0,-0.697757,0.674152,-0.242185
-2.04262,8.154,44.8336,-0.271975,0,-3.5196,0,-0.947341,-0.238337,-0.21387
-4.902,-5.54594,49.4631,0.998583,0,-0.9,0,-0.951439,-0.206257,-0.228519
-16.9789,6.2085,41.6756,0.114809,0,-0.7,1,0.520088,-0.151472,0.840574
-31.2619,19.4783,38.5131,-0.257889,0,-3.67281,0,-0.800137,0.539532,-0.262079
-12.0749,9.94494,5.468,0.832664,0,-4.5,0,-0.779726,0.463419,-0.421035
37.0796,-4.19387,16.1821,0.00621263,0,-0.4,0,0.670803,-0.737855,-0.0747916
6.39663,16.8902,10.0424,-0.221833,0,-1.6,0,0.156216,-0.281985,-0.946616
-20.6616,19.6793,35.6616,-1.2625,0,-3.5,0,0.40514,-0.472415,0.782742
-20.5844,-0.353125,22.7598,-0.208633,0,-3.9,0,-0.376871,-0.925047,-0.0475043
27.9263,-0.595062,33.4674,0.034843,0,-0.7,0,0.571743,-0.126815,0.810573
4.6545,6.99931,12.5208,1.1739,0.2436,-3.5,0,-0.764057,-0.617575,0.186597
22.5659,-2.461,12.0495,0.326086,0,-0.375931,0,-0.627329,0.647609,-0.432505
16.4282,-2.98913,47.7634,-0.402735,0,-4.5,0,0.516142,-0.526292,0.675732
3.46038,-8.55112,34.8929,0.340416,0.0755887,-3.5,0,-0.716085,-0.18734,-0.672404
-0.275438,16.8746,18.0557,-0.308311,0,3.8,0,0.401046,0.909547,-0.109026
21.4493,9.54737,39.4412,0.429458,0,-3.5,0,0.550602,0.804565,0.222514
-7.88581,16.9281,27.0403,0.207324,0,4.44369,0,-0.356917,-0.12046,0.926337
4.79275,4.812,52.6551,0.0143019,0,4.5,0,-0.554614,0.831695,-0.0262032
3.08381,19.5567,30.9327,-0.428939,0,-3.9,0,0.401919,0.751807,-0.522731
-23.1705,4.6145,32.4775,-0.203639,-0.0440881,-1.6,0,-0.899134,0.256855,0.354377
27.1038,-6.38763,31.0033,-0.0158922,0,3.8,0,0.264198,-0.309678,0.9134
-24.6647,6.63112,40.3442,-0.42478,-0.0846946,1.67241,1,-0.870687,0.102015,-0.481141
-0.117188,22.385,24.3342,-0.764018,0,-3.52084,0,0.397032,0.8093,-0.432897
5.95175,16.9404,47.668,0.211475,0,-1.6,0,0.303759,0.863346,0.402944
-5.27238,17.4267,15.339,0.359489,0,-1.3,0,-0.199542,0.551797,-0.809755
5.46744,1.70284,26.1862,0.386273,0,-0.4,0,0.369965,0.560522,-0.740905
19.8326,8.12712,31.7071,0.231985,0,4.5,0,0.857112,0.0254279,-0.514501
11.018,-9.32881,47.4539,0.131647,0,-1.56376,0,-0.0673612,-0.883794,-0.463001
-14.1353,-4.11963,22.0875,0.901762,0,-3.9,0,-0.585902,-0.355621,0.728185
5.13188,16.8004,39.0057,-0.00520464,0,-3.5,0,0.76203,0.322316,-0.561625
-2.79319,19.081,15.7203,-0.715914,-0.0739132,-1.3,0,0.567978,0.626083,-0.534248
6.72269,5.04437,12.7375,0.703673,0,-4.5,1,-0.255244,-0.525636,-0.811515
9.1485,8.7385,58.325,0.0154658,-0.117397,-3.5,0,-0.231446,0.916179,0.327182
-0.3305,15.4932,-0.501375,0.833083,0.126302,-3.5,0,0.866859,-0.472079,-0.160303
-14.1498,15.7655,7.24431,0.173044,0,4.2,0,-0.657659,0.237715,-0.714826
1.06425,-8.99438,49.5457,0.242242,0,2.98766,0,0.369464,-0.752034,0.545839
-4.27044,-3.1135,8.07328,-0.59599,-0.648711,-0.7,0,-0.584956,-0.808586,-0.0633666
-23.1767,16.7959,40.1909,0.647504,0,2.5,0,0.0128992,0.981216,-0.192479
13.4654,16.5669,28.3482,-0.79432,0,-3.5,0,0.0332382,-0.570933,-0.820324
-19.602,4.082,37.169,0.61912,0,-0.8,0,0.789182,-0.614157,0.00195284
31.6316,-5.39337,19.7628,0.443158,0,-3.9,0,-0.270082,-0.446698,-0.852946
-7.12937,12.2966,-2.5365,0.223448,0,-3.5,0,-0.240522,0.60743,-0.757085
26.9251,2.82838,31.3193,0.337395,0,-0.7,0,-0.074571,0.986953,0.142701
30.2271,0.429563,11.0446,-0.271823,-0.250821,-0.664927,1,-0.0533946,0.581992,-0.811439
-21.8538,14.3031,22.823,-0.316173,-0.109571,-0.7,0,-0.427698,0.0874626,-0.89968
-8.938,7.251,0.98425,-0.723931,-0.430451,-1.61971,0,-0.151735,-0.536296,-0.830279
-22.1187,-0.331062,23.3284,-0.0712117,0,-0.8,0,-0.394531,-0.840389,-0.371606
16.2569,20.6186,17.2961,-1.12001,0,-3.5,0,0.708047,0.311937,-0.633534
19.252,8.54562,37.3214,0.197379,0,-1.92448,0,0.62576,0.324124,-0.709484
1.54344,3.3655,33.7239,-0.342735,-0.040247,3.62152,0,-0.975055,-0.209136,-0.074358
14.6821,17.6226,31.9214,0.28193,0.309231,-3.75291,0,-0.123218,0.71164,0.691655
23.9279,-12.3059,27.9149,-0.957584,-0.968731,-0.8,0,0.31722,-0.0849112,0.944543
-4.50838,10.52,48.2388,1.93044,0,-3.9,0,-0.701454,0.226725,0.675691
-0.057,19.7505,1.23688,0.0757459,0,-3.5,0,0.836412,0.544107,0.0660547
-29.5103,20.9015,36.6001,0.259657,0,-3.9,0,-0.386374,0.653133,-0.651254
-17.7215,9.10725,7.7505,-0.113109,-0.217083,0.242867,0,-0.471728,0.589212,-0.655974
-3.56219,20.3754,20.32,-2.03875,-0.594172,-3.5,0,0.854077,-0.274451,0.441848
3.55238,4.19763,38.1565,0.348648,0,3.8,0,-0.311503,-0.28452,0.90665
17.0041,-14.0388,28.4022,-0.0738758,0,-0.8,0,-0.506153,-0.862408,-0.00781204
13.5517,-3.14456,19.7612,0.592247,0,-4.5,1,-0.367747,0.848797,-0.379877
9.50712,7.71019,50.7551,-0.804538,-0.19397,-3.5,0,-0.416636,0.426028,0.803066
6.811,16.824,31.7606,-0.0705473,0,-3.9,0,0.749576,0.595863,-0.288242
14.8825,15.4365,21.614,-1.78037,-0.609612,-3.5,0,0.374738,0.6078,0.700107
3.25275,2.20988,2.33713,-0.075163,0,-0.9,1,0.894507,-0.0223327,-0.446495
-9.99856,-5.90044,12.0327,3.3352,0.320086,-3.9,0,-0.253006,-0.967175,0.0236727
25.1596,-5.4595,21.5243,-0.374207,0,-3.2,0,0.346684,-0.915492,0.204168
-12.8667,16.5672,12.9193,0.177414,-0.0273488,3.92268,0,-0.491308,0.461085,0.73893
-5.85406,-2.52556,9.49681,0.304447,0,-3.14228,0,-0.204231,-0.864341,-0.45957
-10.8961,8.52319,-0.539875,-1.17936,0,-3.5,0,0.0220075,-0.263306,-0.964461
-14.0323,7.09462,30.3959,-0.214918,0,-2.68773,1,0.736272,0.50862,0.446329
26.4539,-4.95612,25.0424,0.110456,0,4.08318,0,0.388138,-0.913225,-0.12397
22.0225,-9.21163,39.6193,0.334024,0.0833191,-3.5,0,0.170461,-0.920815,-0.350774
-15.66,3.9315,2.135,-0.15306,0,-3.5,0,-0.492515,-0.348316,-0.797562
3.2765,-3.3025,33.4889,0.00680412,0.236641,-1.16567,0,-0.845863,-0.0153321,-0.533179
13.3514,-10.7098,46.8691,0.460789,0,-0.683195,0,-0.894667,-0.273377,-0.353322
-14.6646,7.371,39.7351,0.230954,0,3.8,1,0.502618,-0.864463,-0.00888983
14.4893,-10.7497,50.634,-0.0104015,0,-3.17067,0,0.430864,-0.832296,0.348769
0.156,17.4503,44.5721,-1.59303,-0.0788494,-3.5,0,-0.193238,0.154495,0.968912
2.648,0.005375,55.8141,-0.832225,0,4.5,0,-0.382735,0.150278,0.911554
1.26525,22.4624,12.44,-0.00811394,0,-0.7,0,-0.793894,0.374924,-0.478711
10.0629,10.2863,7.19419,0.435332,0,-3.9,0,0.263886,-0.381163,-0.886047
-3.23981,15.2709,33.7029,0.0517199,0,-0.7,0,-0.934177,-0.216094,-0.283932
6.8095,2.684,28.2639,0.143182,0,1.39997,0,0.926812,0.217115,-0.306401
-0.211375,-8.04781,51.0363,-0.436913,-0.764286,-3.5,0,0.622708,-0.544692,0.561734
8.04463,-10.2146,36.1829,-0.695306,0,-3.5,0,0.299914,-0.704994,0.642679
-22.4967,5.42438,12.0434,-0.297606,-0.0355881,-0.4,0,-0.515188,-0.575792,0.634858
10.6748,1.53506,23.8546,0.401366,0,-1.3,0,0.30335,0.849609,0.431444
-17.7397,10.2295,40.7835,0.100761,0,3.8,0,-0.0567724,0.391619,0.918374
-10.7836,-3.93913,23.6423,0.388737,0,-3.9,0,0.455483,-0.106282,0.883877
-2.14344,18.9574,-1.99544,-0.611566,-0.493526,-3.5,0,-0.460225,0.535172,-0.708367
21.2021,-12.4115,41.319,-0.315632,0,-0.4,0,0.453327,-0.477955,-0.752365
24.9591,0.433562,21.5141,0.217973,0,-3.9,0,-0.716336,0.5268,-0.457542
0.188875,-7.05119,52.2962,-0.169902,0,-0.9,0,0.349114,-0.88035,0.321099
14.3291,3.37944,28.3416,0.216743,0,2.14355,0,-0.253494,-0.0559296,-0.965719
16.0903,-7.74438,25.2789,-0.12114,0,3.8,1,-0.542582,-0.128107,-0.830177
10.423,11.8716,16.0201,0.058966,0,-3.5,0,0.396089,-0.764419,-0.508701
-0.666125,18.5968,37.3345,-0.613935,-0.212265,-3.5,0,0.626227,0.740991,-0.24243
1.43656,-3.43981,37.5316,0.532103,0,-3.5,0,-0.639266,0.747615,0.180027
4.587,4.05688,55.4746,-0.101599,-0.0361411,4.06458,0,-0.474312,0.776855,0.414155
30.9846,-1.98944,28.9939,0.125895,0,-3.5,0,0.0483592,-0.206223,0.977309
-12.1321,-6.32325,19.701,2.41671,0,-3.9,0,-0.213927,-0.950635,-0.224783
-1.94963,-11.6336,46.479,-0.115262,0,-3.5,0,-0.0721986,-0.0479037,-0.996239
-16.8215,15.0904,14.3289,3.84312,0,-3.9,0,0.470673,0.882008,0.0229822
5.95013,-0.92125,23.9289,0.506803,0.229134,-0.691089,0,-0.815551,-0.182968,-0.548998
-6.66113,-1.24175,18.6886,0.277931,0,-3.5,0,0.625742,-0.441945,0.642753
-18.5961,0.0420625,5.03162,-1.37597,-0.306085,-3.5,0,-0.293186,-0.92811,0.229464
4.318,6.5005,20.612,0.472434,0,-4.5,0,0.0155904,-0.760523,0.649124
-15.9913,17.2739,20.4205,-0.225948,-0.318131,-3.60207,0,-0.241849,0.969941,0.0268885
26.6749,3.62337,28.867,0.545993,0,-3.9,0,0.102787,0.733852,0.671488
-30.479,10.9803,32.6649,3.18542,0.487038,-3.9,0,0.352251,-0.929022,-0.113301
6.07644,15.7896,48.8348,0.506249,0,-1.6,0,0.384992,0.39173,0.835661
-4.36587,1.0175,28.8904,0.894169,0.359985,-3.5,0,-0.0899075,-0.751928,0.653086
-0.299125,18.9988,-2.43225,-0.648189,-0.30352,-3.5,0,0.481209,0.517271,-0.707721
20.215,-5.748,45.6766,0.23094,0,-3.9,0,0.651545,-0.080901,0.754284
32.6191,0.0588125,28.2071,0.0272739,0,-3.52327,0,0.828821,0.300604,0.471903
11.2161,-2.54463,57.4572,-0.160052,0,-3.5,0,0.659596,-0.00560734,0.751599
12.8363,-9.98687,27.8009,1.04815,0.569479,-0.4,0,-0.541701,-0.518765,-0.661395
22.506,-2.86819,39.3713,1.84709,0.0360898,-3.9,0,0.958666,-0.109758,-0.262512
-6.26781,-7.15825,52.1163,0.171521,-0.135571,-0.4,0,-0.924116,0.0281051,0.381078
-3.45194,17.2009,11.4649,0.952919,0,-3.5,0,-0.78741,0.614926,0.0430282
17.9248,-3.64556,14.7271,0.244434,0,-0.7,1,-0.936914,-0.222788,0.269364
-11.8159,-0.940437,12.9269,0.0727779,0,2.63601,0,-0.725276,-0.674466,-0.138093
30.984,0.22175,30.5199,0.446034,0,-3.9,0,0.375594,-0.850943,0.367185
16.6282,18.0787,27.35,-0.325137,0,-3.5,0,0.571241,-0.00701078,-0.820753
7.19769,6.97669,23.7108,1.5452,0,-3.9,0,0.741302,-0.247655,-0.623809
36.5232,-3.46,14.7732,-0.0297102,0,-0.470874,0,0.309589,-0.686423,-0.65801
23.11,1.1545,10.5075,-0.620657,0,1.9,0,-0.920795,0.371149,-0.119938
2.71325,7.52588,49.8229,-0.844838,0,-3.9,0,0.42049,0.331169,0.844698
9.46587,-11.5791,40.6147,-0.0546623,0,4.2,0,-0.0429688,-0.939885,0.338777
11.2837,15.2976,26.5693,-0.7928,0,1.8,0,0.867349,0.475166,-0.148063
29.2738,0.743125,32.3763,0.860443,0,-3.9,0,0.245706,-0.749473,0.614751
6.34381,4.76237,19.3201,0.688101,0,-4.5,0,0.0149627,-0.79648,0.60448
9.786,-0.187,26.766,0.920996,0.298133,3.22115,0,0.339942,0.939712,0.0371475
23.2321,-2.67337,41.8713,2.61684,0,-3.9,0,0.906367,0.22171,0.359643
26.9533,6.22894,23.3577,2.66062,0.363126,-3.9,0,-0.0799687,0.992876,0.0883298
25.1562,-5.68881,15.4923,-0.467896,0,-3.4706,0,0.358156,-0.861225,0.360576
-0.491313,4.04728,20.7756,-0.282598,0,3.8,0,0.400125,-0.913516,-0.0734091
2.15037,5.6705,20.8832,0.692339,0,0.0538713,0,0.525292,-0.831343,0.181485
-21.0654,2.37525,35.613,0.348772,0.00828699,2.94679,1,-0.119825,-0.866261,0.485009
-4.98688,-4.1415,2.38325,-0.353131,0,-3.5,0,-0.765058,0.408347,-0.497935
8.44637,22.6056,24.8167,2.87927,0.239048,-3.9,0,0.520599,0.849623,0.0843672
-10.6297,20.8586,9.88794,0.230799,0,4.2,0,-0.117814,0.992521,-0.0319554
31.0961,-4.99419,9.16,0.0373545,0,1.8,0,0.807897,-0.589318,-0.00250364
-2.87637,25.5616,2.71625,2.6402,0,-0.8,0,-0.175412,0.890305,-0.420224
27.3966,5.67387,22.0395,0.980921,0.485503,-3.9,0,-0.174369,0.639252,-0.748967
30.6725,-2.95563,7.882,0.0443329,0,1.8,0,0.588574,0.385853,-0.710421
-6.70369,23.1626,18.748,-2.02141,-0.21029,-3.5,0,-0.685838,0.6624,-0.301415
16.718,-8.3075,22.429,0.361952,0,4.2,1,-0.667061,-0.171225,0.725059
13.9554,-4.18675,53.2257,-0.0511398,0.203232,-4.38129,0,0.747588,0.306233,0.58935
15.7112,-6.422,52.3159,0.357328,0,-3.5,0,0.892134,0.315565,-0.323289
28.6904,5.14612,27.1695,-1.4848,-0.202539,-3.9,0,0.0226834,0.973164,0.228991
34.1778,-1.13975,16.2545,1.055,0,-3.9,0,-0.959169,0.219556,0.178299
-3.30525,18.3547,32.9501,-0.275356,0,-0.7,0,-0.688418,0.575675,-0.441224
-22.719,2.537,38.151,-0.258116,-0,-0.8,0,-0.180656,-0.95535,-0.233816
-17.3294,13.6826,10.7168,0.472408,0,-3.9,0,-0.708157,0.553641,-0.438173
3.40587,14.1947,48.9953,0.0519082,0,-1.6,0,-0.580223,-0.375333,0.722819
1.48981,5.20363,11.2788,0.9091,0,-1.6,0,0.5794,0.720874,0.380312
7.0575,21.615,15.9099,-1.84029,0,-3.5,0,0.0512443,0.990384,-0.128502
-3.614,12.6724,-3.26481,0.895644,0,-3.9,0,-0.4583,0.0548564,-0.887103
1.11388,18.469,0.988125,0.229506,0,-3.5,0,0.911547,0.288548,0.292953
1.26312,22.5557,14.4565,-0.0850262,0,-0.7,0,-0.753197,0.416006,0.509542
15.4359,6.73406,29.7323,0.226381,0,3.8,0,0.42472,0.391862,-0.816123
-30.6274,16.1692,34.2948,0.3983,0,-3.9,0,-0.884219,0.430032,-0.18229
26.777,-4.68013,8.98837,0.648202,0,1.8,1,-0.0364562,-0.622279,-0.781946
16.156,-10.0329,50.2335,-0.817784,-0.666602,1.8,0,0.621192,-0.0416741,0.78255
9.419,-8.18625,44.8162,-0.14934,0,-1.3,0,-0.170898,-0.972029,0.161104
20.9663,5.00725,38.2612,-0.132142,0,-3.51438,0,0.479498,-0.625476,0.615518
5.45113,17.4601,20.9339,-0.231668,0,3.8,0,-0.245962,0.969077,-0.0197936
15.6225,11.222,53.7352,13.2757,0.167475,2.14474,0,0.766753,-0.0598961,-0.639142
-8.0085,4.39825,33.3963,0.123135,0,-1.3,0,-0.234288,0.0730365,0.96942
33.3041,-1.5015,28.9326,-0.422667,0,-3.5,0,0.258491,0.45752,0.850798
19.1965,-0.014875,40.5884,-0.79368,-0.0095324,-3.5,0,0.798219,0.522381,0.299941
15.4687,15.9189,15.9032,-1.72315,0,-3.5,0,0.87599,-0.303309,-0.375026
8.26562,21.5978,16.76,-0.61744,0,-3.5,0,0.272568,0.937422,-0.216671
3.94825,7.45213,4.47713,-0.0504062,0,3.0013,0,0.798488,0.560551,-0.219547
2.61069,23.3862,12.6164,-0.0196392,0,-0.7,0,-0.00509957,0.844641,-0.535309
20.4356,0.76675,47.7169,0.15902,0,4.2,0,0.903465,0.254303,0.34508
23.4119,0.88925,38.5344,-1.43501,-0.282134,-3.5,0,0.54391,0.490471,0.680882
-23.5529,-0.006875,41.0749,-0.810254,0,1.9,1,0.771616,-0.626262,0.111377
-1.4085,-9.06425,52.2235,-1.36321,-0.145042,-3.5,0,0.287808,-0.522168,0.802812
-13.7002,3.80387,29.8206,0.656899,0.6612,-1.3,0,-0.27016,-0.93793,-0.217488
-0.231375,3.83588,-3.24975,0.184364,0,-0.9,0,-0.193366,-0.0123527,-0.981049
4.772,-4.68,32.6015,-0.11997,0,1.87365,0,-0.898963,-0.402291,-0.173285
-20.6741,13.7126,46.1051,0.36112,0,1.9,0,0.30162,0.736489,0.605483
1.86462,14.1817,8.01219,0.459092,0,-3.5,0,0.500437,0.206195,-0.84086
-23.9776,9.48081,28.3993,0.178192,0,3.8,0,-0.954899,-0.13735,0.263253
-24.8611,12.1686,29.7924,-0.0471751,0,1.79547,0,-0.668872,-0.687142,-0.28363
-1.03963,11.6189,34.0675,0.111724,0,-0.8,0,-0.406606,-0.856425,0.31813
18.3611,-12.9843,41.8736,0.40235,0,0.361933,0,-0.28387,-0.735551,-0.615128
7.8085,9.23119,18.2594,0.0186154,0.00978901,-4.44964,0,0.911439,-0.171265,-0.374096
-3.17512,17.4855,29.9419,0.327368,0,-4.5,0,0.0275985,0.874909,0.483501
-17.6556,12.1311,37.6124,0.0397398,0,3.8,0,0.143021,0.886692,-0.439684
19.686,2.16213,37.8205,0.159975,0,-3.5,0,0.346459,0.3761,0.859369
-23.3652,15.9611,42.7581,0.0496036,0,0.646483,0,0.69098,0.596037,0.409008
-21.5475,1.88975,29.7442,-0.212258,-0.309868,1.49781,0,-0.157827,-0.852584,-0.498188
3.33488,-12.3355,42.1371,1.17402,0,-3.9,0,-0.587707,-0.618116,0.522047
18.7469,15.7144,40.764,3.00422,0.0948176,-3.9,0,0.176802,-0.322628,0.929867
0.9245,22.1325,39.8442,-0.371585,0,-3.5,0,0.662117,0.167919,-0.730345
28.5287,-5.28212,11.3285,-0.435418,0,1.81528,0,0.307521,-0.933992,0.181905
2.69469,8.01737,4.06094,0.0271815,0,2.8,0,0.604942,0.590061,-0.534671
-22.3864,2.39738,34.0975,0.235565,0,4.2,1,-0.847515,-0.438105,0.299638
16.514,19.0035,30.4744,-0.226592,0,-3.5,0,0.476229,0.724242,0.498678
-3.33637,-7.50128,43.9311,0.228941,0,-0.7,0,-0.826381,-0.551255,-0.114948
-22.8768,8.3635,9.99525,0.00171067,0,-0.639925,0,-0.563414,0.699199,-0.440097
6.43188,21.3231,18.5422,-1.0055,-0.143504,-3.5,0,-0.638632,0.47404,0.606165
-24.2441,3.8205,30.2279,-0.858687,-0.940203,-1.6,0,-0.938981,-0.181687,0.292069
-25.9048,9.64619,39.5791,-0.241694,-0.0811437,-3.5,0,-0.885585,-0.458064,0.0769168
-10.3243,22.8299,18.6136,0.810918,0.0567794,-3.5,0,0.275516,0.956353,-0.0973688
16.8853,-2.06125,49.2184,-0.772733,-0.620796,-4.5,0,0.45105,-0.822329,0.346885
-11.3525,1.9895,30.6127,0.291744,0,-1.3,0,-0.477683,-0.862189,-0.16867
-6.313,19.0247,4.99625,0.482028,0,4.2,0,-0.786636,0.260042,-0.559984
-10.1407,7.12625,26.9772,-0.408408,-0.115787,2.31121,0,0.743855,0.668341,0.000891126
22.5703,-3.47288,37.6312,0.0346706,0,-3.5,0,0.916179,0.394993,0.0677912
14.1005,-6.01294,21.7336,0.835488,0,-4.5,1,-0.200468,-0.795371,0.572013
-1.24462,17.3428,3.79588,0.7865,0.162201,-3.5,0,0.466415,-0.367026,0.804829
-22.5777,15.6991,37.6396,-0.0764145,0,2.5,0,0.112604,0.983298,-0.142984
12.6278,-2.63781,21.8674,0.612751,0,-4.5,1,-0.32682,0.63434,-0.700572
-0.249625,6.09438,16.2785,0.752494,0.512327,0.259164,0,0.881971,0.143151,-0.449037
-6.27044,24.6096,21.7216,0.544083,0,-3.9,0,-0.992953,0.102327,0.0597752
-25.7821,4.38212,40.4914,0.216049,0,1.9,1,-0.855767,0.368442,-0.3632
-6.57525,17.2297,11.7331,-0.0983682,0,4.2,0,0.814196,0.554226,0.172968
19.6873,3.93425,45.587,0.379639,0.0259135,4.2,0,0.963148,0.13094,-0.234947
-4.28062,-6.01325,44.4635,0.278183,0,-0.7,0,-0.937333,-0.0418034,-0.345918
9.13575,21.1882,14.9853,-1.10234,-0.254898,-2.03269,0,0.570927,0.803329,-0.169428
-20.047,0.617125,19.3568,0.718143,0.00499211,4.2,0,-0.80808,-0.122506,-0.576194
18.8904,-5.40456,14.1368,0.216641,0,-0.7,1,-0.855071,-0.493357,-0.159539
2.9445,11.2776,14.3142,0.424514,-0.0918295,-3.5,0,-0.620019,-0.781336,0.0713444
20.0056,-11.4875,39.6565,-0.272518,-0.185384,-0.49494,0,0.496273,-0.68488,-0.533528
-3.10212,15.7619,-2.50062,3.77265,0,-2.55503,0,-0.377305,0.279534,-0.882894
15.0528,-12.159,28.7287,-0.497342,-0.219313,-3.9,0,-0.436012,-0.331443,-0.836684
30.9819,0.50275,31.8444,1.52552,0,-3.9,0,0.0511043,-0.969348,0.240318
6.22713,4.13263,15.3124,1.1239,0.0857586,-4.5,0,-0.413849,-0.908954,-0.0503211
20.8085,-10.9565,14.149,0.150711,0,1.9,0,-0.86196,0.0569518,0.503768
5.3865,8.69706,48.5706,0.00161354,0,-3.5,0,-0.137027,0.46545,0.874403
-6.306,23.1639,23.5792,0.0753189,-0.0633532,-0.904307,0,-0.751114,0.618308,0.231352
-32.391,18.4958,41.7435,-0.211811,0,-3.5,0,-0.981391,-0.0677466,0.179673
-7.44469,16.7272,0.59475,0.707186,0,-1.6,0,-0.799033,0.397385,0.451256
-0.85425,8.23756,35.2904,0.29384,0,-4.5,0,-0.682152,0.550883,-0.480829
21.073,3.38144,17.2496,0.0866925,0,3.8,0,0.575987,0.816734,0.0344189
-0.251625,9.99463,-1.487,-0.220401,-0.026831,-3.9,0,0.38156,-0.540005,-0.750204
10.319,10.7136,11.7831,1.97411,0,-3.9,0,0.190301,0.11218,0.975295
-21.3576,20.7377,23.8391,1.16846,0.662447,-3.23252,0,0.724851,0.270047,-0.633771
10.066,-4.64587,24.6618,0.0579906,0,-1.3,0,-0.277117,-0.944827,-0.174667
18.4945,-14.4924,27.2547,0.00307214,0,-0.8,0,0.191531,-0.969528,-0.152743
27.9141,-4.00625,8.18325,0.528725,0,1.8,1,-0.373239,-0.341735,-0.862502
-12.3269,18.5793,17.6226,0.231197,0,-3.5,0,-0.963469,-0.150347,-0.221638
-25.4281,0.65825,38.0164,0.560336,0,1.9,0,-0.102412,0.0174055,-0.99459
-15.9421,2.60381,31.6658,0.683426,0,-4.5,1,0.120634,-0.78738,-0.604549
-2.56906,24.6766,26.1424,0.0873038,0,-3.9,0,0.218554,0.91904,0.328023
10.9191,9.93437,49.3198,0.148973,0,-3.5,0,0.176428,0.978779,-0.104233
-6.36325,0.53375,23.9525,0.210543,0,1.8,0,-0.743141,-0.658811,0.117089
32.8534,2.94362,31.7,2.27588,0.00796738,-3.9,0,0.947674,0.210205,0.240267
-29.048,19.3014,44.9696,-0.034755,0,-1.6,0,-0.369562,0.664819,0.649184
-24.0429,14.3524,44.5513,-0.429613,-0.325017,-0.323154,0,0.415242,0.329456,0.847958
13.0118,-9.87175,45.8689,0.436469,0.418019,-3.1235,0,-0.761597,-0.615599,0.202504
3.64425,9.13944,12.1688,0.319309,0,3.16191,0,-0.804687,-0.423818,0.415761
31.544,4.162,25.1987,0.355541,0.0603611,-3.56448,0,0.409019,0.660583,0.629551
4.62175,15.1717,49.7019,0.0797764,0,-1.6,0,0.00515504,0.123016,0.992391
14.3584,9.05025,42.2661,0.980604,0.878197,-1.3,0,0.447677,0.0924157,0.889407
-2.81212,12.7286,32.1301,0.133819,-0.176267,-0.869323,0,-0.694125,-0.707267,0.134028
1.33181,-4.93681,40.4618,0.26194,0,-3.9,0,-0.975906,0.200524,-0.0860101
10.2793,17.1712,19.3918,-0.038529,0,-3.5,0,0.282358,0.541046,0.792176
6.80119,4.4675,57.806,0.223186,0.822098,-3.56083,0,-0.786039,0.583744,0.203434
-29.1714,15.4092,45.5052,-0.772798,-0.605292,1.35162,0,-0.522777,-0.374658,0.765725
1.2955,1.34938,53.1271,-0.209467,0,3.11149,0,-0.415964,0.823828,0.385073
-0.95125,-7.49188,53.14,-0.134033,0,-0.9,0,0.0787411,-0.858209,0.507226
5.22631,18.5179,10.1311,0.100019,0,-1.6,0,-0.48019,-0.2505,-0.840635
23.4041,4.83375,36.3041,3.07688,0,-3.9,0,0.957836,0.0172716,0.286795
-1.54056,0.119187,44.1991,0.469364,0,-1.6,1,-0.80198,0.472987,-0.364844
-22.9766,5.39269,33.5377,-0.0809715,-0.591784,-1.12528,0,-0.956166,-0.204557,-0.20953
-13.6514,17.3155,24.5526,0.364858,0,-3.9,0,0.143306,0.614979,0.775413
-5.70875,14.2687,35.4386,-0.050186,0,-0.8,0,-0.841777,0.174938,-0.510694
5.20062,6.086,23.1278,1.14581,0,-3.9,0,0.00319646,-0.659843,-0.751396
-3.01525,25.2113,28.9906,-0.0153523,0,-3.5,0,-0.470293,0.841499,-0.265902
5.80613,5.86312,49.3414,0.301567,0.981067,-3.5,0,-0.666665,0.41442,0.619527
23.755,3.05675,24.9875,0.414191,0,-3.9,0,-0.969163,0.193495,-0.15259
34.804,0.902,17.1095,1.22991,0.0206411,-3.9,0,-0.851043,0.44827,-0.273459
-27.965,20.015,33.1805,-1.37194,0,-3.9,0,-0.625125,0.611875,-0.48459
24.754,-5.931,36.0952,-0.357823,-0.598679,-3.5,0,0.910905,0.397913,-0.109168
-5.3495,11.9126,-2.49062,1.67813,0,-3.9,0,-0.0561297,0.322326,-0.944963
-10.4556,-6.65531,16.8995,-1.85761,-0.374397,-3.5,0,0.231137,-0.971868,-0.0452666
15.8184,-4.70937,47.8294,0.678883,0.0983592,-4.5,0,0.606509,-0.134008,0.783702
-26.8167,9.00375,43.7055,-0.176602,0,1.89222,0,-0.821692,-0.520717,-0.231682
-3.33275,10.15,29.2138,-0.246873,-0.00601867,-3.5,0,-0.279686,-0.299955,0.912032
13.5959,-5.31913,26.7485,0.428477,0,-0.207766,0,-0.465739,-0.791919,-0.394908
9.65969,-4.1215,22.4534,0.411543,0,-1.3,0,-0.277246,-0.826393,-0.490112
8.62294,-9.01538,43.143,0.0334854,0,4.2,0,0.249481,-0.805749,0.537148
21.5744,-13.0069,26.1111,0.577316,0.373221,-0.8,0,-0.112508,-0.923198,-0.367488
20.6266,-2.67244,47.6863,0.157557,0,4.2,0,0.633116,-0.618979,0.46479
5.70525,21.4912,34.7986,2.00689,0.853959,-3.9,0,-0.225207,0.971044,0.0797181
18.1957,-11.9069,40.851,-0.0391677,0,0.59297,0,-0.038495,-0.765943,-0.641754
12.9997,5.47031,54.0018,0.144493,0,-3.5,0,0.805746,-0.559287,0.194861
21.5058,4.40906,29.0066,0.358258,0,2.8,0,-0.224106,0.873712,-0.431744
5.28,5.1805,41.385,0.436502,0,4.5,0,-0.98024,0.0614039,0.188043
24.0944,-6.85213,41.865,-0.57123,-0.293085,-3.5,0,0.830931,0.37117,0.41447
8.53362,0.626,24.8465,0.385646,0,-0.73351,0,0.0452145,0.888804,0.456051
-2.9255,-0.1715,48.2495,0.249267,0,2.8,1,-0.80002,0.422517,-0.425967
-11.5392,11.4614,3.33387,-0.411873,0,-4.5,0,-0.847285,0.515893,-0.126347
34.641,-5.69375,20.66,0.679931,0,-3.9,0,0.899332,-0.284501,-0.332055
18.5425,-1.18569,13.6793,0.164596,0,3.00614,1,-0.635305,0.290672,-0.71547
-9.39425,20.8636,16.9022,0.332522,0.042945,-3.5,0,0.287051,0.719735,-0.632126
-24.3536,6.52675,35.0069,0.52145,-0.104432,-0.8,0,-0.978774,-0.171216,-0.112637
-3.76725,-3.193,10.8665,0.892191,0,-2.97828,0,0.24458,-0.965234,0.0922157
22.1448,-0.112562,19.8456,0.410897,-0.0559134,-2.83241,0,0.0816523,0.852476,0.516351
-17.944,10.6761,8.88656,0.0537014,0,-3.9,0,-0.356697,0.535905,-0.765228
15.3984,9.48625,41.2326,0.0617569,0,-1.82154,0,0.402287,0.277357,0.87249
-7.1125,5.29544,29.5718,0.50464,0.538432,-0.650373,0,0.457808,0.849103,-0.263508
1.88875,5.11763,33.5675,0.471154,0,3.8,0,-0.894065,-0.221322,-0.389441
16.7545,-1.52163,22.1432,0.21388,-0.171111,-3.9495,0,-0.361322,0.922521,-0.135649
-15.3716,10.0743,7.45862,0.865211,0.252793,-4.5,0,-0.26435,0.68353,-0.680372
4.431,13.8016,49.0849,0.0875133,0,-1.6,0,0.0603364,-0.645232,0.7616
-1.798,18.6015,35.5826,-0.855869,-0.458217,-1.61555,0,0.226457,0.972436,-0.0555504
11.5667,16.7051,14.1357,-1.61594,-0.0764447,-3.5,0,0.260719,-0.418376,-0.87005
0.666875,7.07463,17.4875,0.428045,0,3.8,0,0.399848,-0.113021,-0.909587
25.9431,-6.08413,12.4489,-0.0417411,-0.681844,1.9,1,0.716017,-0.678729,0.163235
-29.1197,18.0635,31.1252,-0.113186,-0.0183978,-3.52081,0,-0.727494,0.400515,0.557082
13.0011,-6.83944,17.7034,0.993138,0.017441,-4.5,1,0.0949135,-0.924211,-0.369899
1.37494,17.4962,0.866875,0.289337,0,-3.5,0,0.891917,0.101916,0.440565
27.3314,1.35962,9.54475,0.317739,0,1.9,0,0.66458,0.424054,-0.615232
-1.06831,25.6829,31.0044,-0.270979,0,-3.5,0,0.13459,0.977987,0.159457
-6.04881,11.5057,28.6558,-1.08804,-0.216601,-3.5,0,-0.55785,-0.28124,0.780838
-16.0417,-6.72988,19.2616,1.34079,0,-3.9,0,-0.132829,-0.986174,0.0990871
2.55338,4.40881,50.3464,-0.0456048,-0.507478,-0.39919,0,0.00128363,0.565857,0.824502
0.353625,4.48644,14.0159,0.344916,0,-1.6,0,0.805948,0.149486,0.572802
31.5895,-1.70875,10.2629,-0.0456485,0,2.00993,0,0.227648,0.294457,-0.928155
34.1343,-8.16613,23.1061,2.72355,0.399216,-3.9,0,0.556148,-0.544724,0.627675
23.1684,-10.1441,34.7171,0.19037,0,-3.5,0,0.236373,-0.499236,-0.833601
11.9441,8.02588,47.408,0.573979,0,-3.5,0,0.968374,0.0428966,-0.245788
-18.9845,1.8145,30.9972,0.2575,0,4.2,0,0.43179,-0.441061,-0.78678
3.57687,12.7135,47.7859,-0.248639,0,-1.6,0,-0.272932,-0.410045,0.87027
-1.33369,21.8848,5.94731,0.890105,0,4.2,0,0.905476,0.324037,0.274067
-2.64081,3.01681,19.1121,-0.0716769,0.406944,-1.95265,0,0.760449,-0.563807,0.32224
-20.1251,2.94469,28.7142,-0.0157896,-0.243568,-0.731079,0,0.291111,-0.945976,0.142774
10.9235,11.8396,7.4635,0.206918,0,-3.9,0,0.694902,0.292364,-0.656988
22.4189,-10.9269,43.4222,-1.07853,-0.0853495,-3.5,0,0.717698,-0.238545,0.654221
8.39306,-4.81469,55.7453,-0.290395,0,-3.5,0,-0.390241,-0.768936,0.506408
6.534,-8.22056,31.4461,0.614904,0,-3.9,0,-0.777757,0.34118,-0.527911
-13.0155,-5.44175,22.5013,1.12191,0,-3.9,0,-0.443081,-0.66531,0.600867
-22.3799,14.0455,44.2448,-0.0939363,0,1.9,0,0.253191,0.850486,0.461051
-10.0115,2.50175,7.2295,0.125779,0,-1.47793,0,-0.850011,-0.4316,0.302
29.7443,-1.93912,8.4085,0.010158,0,1.8,1,0.252099,0.704888,-0.663008
16.2327,-13.1444,42.9886,0.241584,0,1.9,0,-0.00375636,-0.963536,-0.267551
21.0336,-9.35625,31.7271,0.0563837,0,0.028374,0,0.592456,-0.741721,0.314398
-1.11563,-10.4843,51.1456,-0.170912,-0.145657,-3.5,0,0.510666,-0.373976,0.774184
-5.1045,19.653,1.99,-1.19933,-0.120088,4.2,0,-0.971107,0.134334,-0.197243
1.80525,-1.42562,39.9095,0.119902,0,-1.55372,0,-0.829682,0.0918676,-0.550625
-14.2932,10.1661,2.31075,0.561861,0,-3.5,0,-0.476649,0.753182,0.453345
18.5839,-1.0135,23.8351,-0.0670934,-0.40973,-3.2,0,-0.400051,0.895214,0.196347
-1.09425,6.90719,47.3269,0.504752,0,-3.9,1,-0.788709,-0.608001,0.0909601
21.9473,6.71325,38.5265,0.0991862,0,-3.5,0,0.93997,-0.281461,0.192968
-2.91,2.58538,29.1031,-0.0136381,0,-0.662466,0,-0.18935,0.187708,0.963801
4.17219,17.4524,38.4827,0.0579414,0,3.8,0,0.455929,0.76838,-0.449133
-32.1087,13.2244,34.3327,1.64752,0.0460403,-3.9,0,-0.885055,0.0813806,0.458317
-22.0189,3.78187,42.8765,0.519348,0.396947,1.9,1,0.6465,-0.345941,0.679973
24.1365,-10.2408,37.6857,0.144647,0.00219096,-3.5,0,0.0950571,-0.686857,0.720549
17.7183,6.36025,44.0951,0.0858791,0,4.2,0,0.449409,0.892975,0.0250265
-20.4977,3.90712,10.9137,0.216331,0,1.9,0,-0.522945,-0.813123,0.255653
19.9601,-13.5728,26.2782,0.184128,0.0804597,-0.8,0,0.248702,-0.802821,-0.541873
1.70031,0.348687,23.7589,-2.91266,-0.436602,-3.5,0,0.24008,-0.100853,-0.9655
19.1714,-3.51887,19.8839,0.560492,0,3.8,0,-0.934175,-0.0129607,-0.356579
26.0977,-1.26744,33.6299,0.396115,0.169107,-0.7,0,0.284408,-0.326945,0.901232
-18.5238,12.8671,30.9289,0.264515,0,4.2,0,0.592629,0.0222322,0.805169
-25.264,18.5489,36.7351,-0.338812,-0.613126,-3.9,0,0.76127,-0.16758,0.626407
-0.460938,11.3086,41.7511,-0.516585,0,-3.5,0,-0.922011,-0.273344,0.274188
-3.609,-11.921,48.9468,-0.517703,-0.102807,-3.5,0,-0.993944,-0.109889,0.000249716
8.86763,9.00537,49.9294,0.182011,0,-3.5,0,-0.270497,0.599974,0.752903
-9.39356,0.465875,4.79394,0.145911,0,-1.6,0,-0.246264,-0.954076,-0.170569
-2.934,6.95025,27.8969,1.00783,0,1.9,0,-0.957878,-0.0340884,0.285145
-31.6511,20.4533,43.1037,-0.519046,0,-3.5,0,-0.81763,0.342542,0.46276
-28.3136,18.3599,32.5314,0.173967,0,-3.9,0,-0.598315,0.735813,-0.317171
-26.085,12.2841,31.6507,-0.124267,-0.132414,3.13376,0,-0.678076,-0.73482,0.0158618
5.51288,7.91919,9.53913,0.41492,0.381388,-0.700345,1,0.763396,-0.461683,-0.451747
20.4185,-8.634,44.7305,-0.185469,0,1.55934,0,0.689205,0.0100714,0.724496
32.7943,4.32094,12.9281,0.174297,0,-1.6,0,-0.0649103,0.918685,0.389621
-16.2505,0.8465,6.05813,-0.186639,0,-3.5,0,0.795565,-0.603941,0.0482836
-28.6552,12.614,33.1281,1.14929,0,-3.9,0,0.494033,-0.796987,-0.34748
29.0379,1.30362,12.5678,-0.178341,0,1.83857,0,-0.230305,0.87636,-0.423028
-17.0984,7.50313,36.9,0.116388,0,3.8,0,0.660199,-0.699284,-0.274117
1.61344,-4.35063,0.21,0.115345,0,-0.4,0,0.314329,-0.650465,-0.691442
3.373,-2.683,32.511,-0.066588,0,1.8,0,-0.959154,-0.100026,0.26461
-0.800188,-4.02931,42.744,-0.0448148,-0.587433,-1.05955,0,-0.661754,0.281516,-0.69486
23.2165,-7.17275,43.655,-0.069703,0,-3.5,0,0.566002,0.297854,0.768716
12.2435,10.0793,24.9486,0.0546413,-0.0505331,-0.941216,0,0.71092,-0.477543,-0.51628
5.26256,-2.71362,56.3322,-0.472598,-0.720063,-3.5,0,-0.344742,-0.660535,0.666968
9.6585,12.078,11.7085,0.456356,0,-3.9,0,0.408387,0.741178,0.5328
-3.49381,-2.3315,51.3289,-0.11849,-0.737317,-0.9,1,-0.605402,0.526392,0.596992
-9.967,13.1274,27.572,0.316408,0,3.8,0,-0.29221,0.599795,0.744889
-20.673,-0.973375,25.7178,1.29119,0.289967,-0.8,0,0.243952,-0.969384,0.0279556
-0.1705,-2.68388,41.4027,0.421555,0,-1.6,0,-0.646717,-0.34018,-0.682668
35.5927,0.221125,21.2249,0.16371,-0.098424,-3.9,0,0.843907,0.218047,0.49018
8.60038,6.687,53.8719,0.118056,0,-3.5,0,-0.505812,0.636435,-0.582328
-4.82194,5.00519,-2.15994,0.195484,0,-1.6,0,-0.231506,0.548389,-0.803539
30.7545,-5.0745,19.391,0.0896193,0,-3.72049,0,0.195041,-0.944642,-0.263838
8.178,16.4005,32.6625,-0.258673,0,-3.57946,0,0.207098,0.968699,0.13687
25.9665,-5.42637,18.8106,-0.404558,0.622576,-3.2,0,0.396139,-0.908349,-0.134073
-1.94175,-1.22275,15.1243,0.335205,0,-3.5,0,0.921431,-0.272683,-0.276782
-20.7885,12.8111,20.3005,-0.795194,0,-3.5,0,-0.448163,0.880222,-0.156077
27.0362,4.05609,21.2866,1.32692,0,-3.9,0,0.15311,0.356745,-0.92157
5.09937,-13.1302,38.4123,0.34726,-0.585541,-3.60502,0,0.309963,-0.947861,-0.0740452
-32.3571,13.4067,32.1138,3.24755,0.123714,-3.9,0,-0.910886,0.113989,-0.396601
-13.2676,3.76425,34.5807,0.640548,0,-4.5,0,0.812799,0.404883,0.418841
-0.009,5.06725,15.2198,0.982654,0.00409754,-1.3,0,0.953114,0.299731,-0.0416481
15.9004,16.0182,20.1691,-0.503667,0,-3.5,0,0.92657,0.266293,0.265623
-21.4869,7.96012,15.2306,0.747257,0.662369,-3.27305,0,-0.953389,-0.283999,-0.10195
-26.9915,4.22175,27.7827,0.829894,0.133349,-0.8,0,-0.831841,-0.142245,0.536477
10.0606,16.3449,25.3476,-0.412379,0,-3.9,0,0.84128,0.520083,-0.147515
-9.55838,-1.07487,21.7471,0.511505,-0.0380809,3.09159,0,0.6509,-0.268752,0.710001
-4.06825,15.3693,39.5639,0.112565,0.684611,-1.29485,0,-0.530099,-0.136627,0.836856
5.11325,18.8427,44.7337,-2.23851,-0.310847,-1.6,0,0.250325,0.920157,0.30108
8.29031,17.2925,42.6777,0.194801,-0.630553,-0.957654,0,0.7178,0.520119,-0.46286
3.51781,6.36231,49.1258,-0.355723,0,0.923591,0,0.465346,0.217665,0.857948
31.071,3.94931,26.4444,0.375131,-0.122895,-3.9,0,0.462712,0.886496,-0.00477235
12.2052,-5.52,27.7445,0.0711515,0,1.43208,0,0.0783889,-0.7242,-0.68512
18.8184,9.75525,35.4926,-0.0201533,0,4.5,0,0.993403,-0.0544145,0.100944
38.8699,-1.25931,15.0466,-0.859481,-0.344541,-3.5,0,0.90377,-0.330798,-0.27161
-26.8131,11.6889,47.398,0.0403225,0,1.8,1,-0.00285896,0.535305,0.844654
-10.5211,1.41681,9.95562,0.220781,0,0.171564,0,-0.714311,-0.228608,-0.661437
3.0055,6.87631,17.6097,0.535334,-0.293797,-4.5,0,-0.431652,-0.437709,-0.788726
-15.7863,14.6657,13.4631,1.7298,0,-2.33925,0,0.148114,0.881509,0.448335
-25.1693,8.247,17.041,0.472585,0.180811,-3.5,0,-0.781656,-0.335634,-0.525703
-17.7649,2.871,28.3976,-0.0402517,-0.0440796,3.32349,1,0.104549,-0.706996,0.699447
-19.0518,3.70844,13.0871,0.127707,0,1.9,0,-0.601253,-0.718952,0.348716
-0.322,20.8083,2.596,-0.346577,-0.538683,-0.390155,0,0.996741,0.0793259,0.0146219
14.6521,-4.90556,23.9046,0.697777,0,-4.5,1,-0.475324,-0.870959,0.124489
-23.0068,3.6215,38.1922,-0.720401,0,-0.8,0,-0.77707,-0.0346186,-0.628461
-6.2075,21.5963,17.7512,-0.941885,-0.606472,-3.5,0,-0.241754,0.468627,-0.849673
1.7895,19.4982,40.5174,0.721629,0,-3.5,0,-0.0306639,0.395105,-0.918124
2.02694,7.57125,2.54925,0.0830637,0,2.8,0,0.73161,0.531652,-0.426723
24.6401,-6.648,19.057,0.0350131,-0.495879,-1.51205,0,0.785443,-0.600336,-0.150585
3.25256,0.457625,43.4671,-0.0105236,0,-1.6,0,0.110723,0.986984,-0.116633
-4.49312,-3.1075,5.30662,0.206844,0.136982,-3.5,0,-0.986196,-0.139901,0.0885695
-29.7267,15.4718,36.4204,0.116359,0,-3.9,0,-0.318181,-0.785757,0.530422
16.6471,-11.7254,49.345,-1.34043,-0.688112,0.914792,0,0.477326,-0.281488,0.832421
-15.5506,9.30225,6.00938,0.429336,0,1.8,0,-0.0411759,0.842795,-0.536657
-4.63237,4.16813,32.9232,0.772007,0.101422,-1.3,0,0.861938,0.172317,0.476832
-7.71225,17.8438,13.2683,0.271238,0,4.2,0,0.787671,0.596724,0.153282
18.4904,-11.1699,22.6214,0.0440808,0,4.2,0,0.180867,-0.948519,0.259998
2.14412,19.3445,23.9508,-1.23898,0,-0.838843,0,0.986678,0.115034,-0.115034
19.166,-15.0892,43.4134,-1.14139,-0.285123,-2.20729,0,-0.102063,-0.827766,-0.551712
19.6957,5.15356,41.8086,-0.178543,0,1.37616,0,0.863904,0.00382053,0.503642
15.46,6.44,48.71,0.562187,0,4.2,0,0.091351,0.93515,0.342272
-3.24487,-5.75175,1.2285,-0.59647,-0.0864521,-3.5,0,0.180782,-0.103579,-0.978054
-11.3032,1.32875,4.95781,0.183607,0,-1.6,0,-0.564392,-0.776929,0.279002
-11.329,-6.5115,20.6534,1.75732,0.0762358,-3.9,0,0.176653,-0.971545,0.157777
12.2995,-14.0843,36.5346,-0.973519,-0.0355842,-3.5,0,0.28814,-0.841595,0.456829
7.26337,-3.05925,23.2345,0.363757,0,-1.3,0,-0.691139,-0.707047,-0.149702
-0.699,-11.9861,50.3171,-0.316984,0,-3.5,0,0.611177,-0.243752,0.753026
-10.9408,3.69887,7.3665,0.0454705,0,-1.48321,0,-0.585664,-0.757788,0.28767
1.04031,-1.65506,9.90456,0.58595,0,-0.7,0,0.88182,0.217491,0.418439
-8.76425,9.04887,-2.33875,-0.25883,0,-3.5,0,-0.348852,-0.694738,-0.629001
0.0461875,19.0593,2.14887,0.239907,0,-3.5,0,0.89267,0.214709,0.396283
-1.14513,2.62206,50.1582,-0.145005,0,2.8,0,-0.550628,0.819421,0.15924
-2.0265,0.4,18.345,-0.672422,-0.275359,-3.5,0,0.854243,0.362204,0.37293
-0.03975,15.6032,2.33512,0.159501,0,-3.5,0,0.877859,-0.0109105,0.478796
18.5547,-0.9415,18.5859,0.419484,0,3.8,0,-0.915799,-0.0830952,0.392946
-18.7306,14.6473,15.9611,1.96377,-0.0368502,-3.87232,0,-0.746738,0.642236,0.172959
5.70231,-9.75106,48.5496,0.0923926,0,-1.6,0,-0.593606,-0.793877,-0.131875
-16.951,18.1215,33.5429,3.20315,0.0619297,-3.9,0,0.996587,0.0678766,-0.0469786
-2.13553,-4.85656,42.3528,-0.302881,-0.811346,-0.7,0,-0.283015,0.80575,-0.520259
36.7378,2.53787,17.1939,1.2241,0,-3.9,0,0.155504,0.98624,-0.056125
-0.42575,-2.5285,11.6272,-0.253272,-0.686993,-0.7,0,0.0536622,-0.238964,0.969545
20.8321,-13.2446,48.1037,0.353303,0,-3.9,0,0.56612,0.473072,0.675063
-1.61413,-0.884,11.5195,-0.429406,-0.608471,-1.94619,0,0.441528,-0.259337,0.858951
13.4396,-3.01463,53.7471,0.00331063,0.738541,-4.5,0,0.895113,0.0747486,0.439529
-3.34275,26.6336,18.9531,2.18673,0.354016,-3.9,0,0.394457,0.367684,-0.842147
-10.2872,2.49262,24.1238,0.162726,0,3.8,0,0.0676949,-0.974484,0.214006
-19.5131,12.8353,20.4978,-0.479407,-0.133206,-3.5,0,-0.314342,0.908591,-0.275048
-10.9648,18.3034,7.35,-0.0575374,0,-2.03102,0,-0.174834,0.811897,-0.557007
-21.7325,20.9775,31.14,-0.368077,-0.852268,-3.88186,0,0.364591,0.92835,-0.0723835
6.349,21.3696,24.0518,3.46713,0,-3.9,0,-0.807903,0.153406,-0.568998
12.4415,-6.2885,21.7134,1.19626,0.0630674,-4.5,0,-0.08329,-0.746621,0.660016
-1.02806,11.3833,39.6442,-0.534688,-0.184446,-2.65354,0,-0.858449,-0.432974,0.274954
-5.18325,5.11725,27.9548,-0.275777,-0.561131,-0.4,0,0.00542671,0.904485,0.426471
-3.41206,27.4942,21.4686,3.19885,0.411902,-3.9,0,0.269461,0.895101,0.355226
12.7192,0.753688,53.5631,1.57373,0.842784,3.8,0,0.923094,-0.270495,0.273369
15.3387,6.56256,45.8362,0.353042,0,4.2,0,-0.305887,0.932447,-0.192292
-12.6325,12.3275,7.03775,-0.512681,-0.0849433,-4.5,0,-0.716992,-0.060325,-0.694466
-15.9354,2.94381,28.0532,-1.20445,-0.465225,2.9094,0,0.44778,-0.816191,0.365137
-3.874,-3.79387,6.08712,-0.287247,-0.0114159,-1.25053,0,-0.238984,-0.744449,0.623444
22.6338,-6.866,10.0075,-0.0460279,-0.0854871,1.9,1,-0.627636,0.138046,-0.76617
9.33113,20.2814,19.9629,0.525017,0.159952,-3.5,0,0.141667,-0.0188207,0.989735
-2.74094,-3.16,44.7399,0.168432,0,-0.4,0,-0.374485,0.0797461,-0.923797
9.44806,10.7931,40.4421,-0.284277,0,3.8,0,0.410918,0.90454,0.113812
-14.969,5.97097,-0.153375,0.109338,0,-3.5,0,-0.576237,-0.454759,-0.679077
11.4194,-7.9375,54.1751,-0.615069,-0.68362,-3.5,0,-0.709363,-0.232681,0.66533
7.70575,20.7878,34.7581,3.17634,0.0465423,-3.9,0,0.727769,0.636991,0.254155
-2.87212,-7.62612,46.1312,0.36609,0,-0.794762,0,-0.773816,-0.632663,-0.0307854
12.1245,-8.355,27.7935,-0.0380256,0.0268106,-0.4,0,-0.300417,-0.0719709,-0.951089
7.015,-0.9055,21.8026,0.0232478,-0.350788,-1.3,0,-0.475926,-0.238722,-0.846467
19.3025,3.50688,17.2087,0.135508,0,3.8,0,-0.332251,0.933757,0.133068
-8.07619,-3.56413,9.21294,0.348553,0,-3.9,0,0.184257,-0.710672,-0.678966
-4.58294,-2.93475,3.31194,0.420263,0.185629,-3.5,0,-0.871457,0.426024,-0.243036
-0.826125,24.9077,40.616,-2.61954,-0.872728,-3.5,0,-0.0821946,0.95129,-0.297138
28.6974,2.11063,16.9204,0.806643,0,2.5,0,0.282201,0.850918,0.443059
0.178875,5.69588,42.0129,0.812034,0,-3.5,0,0.249144,-0.88044,-0.403426
-23.6442,12.0653,13.1465,-2.46087,-0.553576,-3.5,0,-0.497591,0.862842,-0.0889152
-7.42756,21.8893,24.7966,0.38073,0.439952,4.5,0,-0.548281,0.758484,0.352264
5.09613,3.913,57.2629,-2.33733,-0.0224042,-3.9,0,-0.379922,0.914356,0.140043
4.56525,9.787,48.4383,-1.4644,-0.210667,-0.8,0,0.322779,0.233845,0.917132
-2.62675,-1.30763,51.7897,0.0295666,0,-0.9,1,-0.886299,0.284144,0.365699
-7.19462,14.9618,27.5903,0.133096,0,3.8,0,-0.447043,0.309273,0.839347
-24.161,4.56225,44.8462,-1.33537,-0.0835205,1.9,1,0.202738,-0.54773,0.81172
1.42256,-0.48075,-0.33075,-0.559139,0,-0.4,1,0.128055,0.121088,-0.984347
14.3944,9.20712,50.3674,0.483377,0,4.2,0,0.729826,0.240435,-0.639957
10.2466,15.8509,14.3571,-0.74351,-0.584697,-3.5,0,0.493187,-0.331696,-0.804204
-21.9425,4.67256,11.1358,0.461092,0,-0.4,0,-0.150273,-0.868476,0.472406
-3.92362,16.4076,33.7282,-0.08229,0,-0.7,0,-0.965847,-0.132723,-0.222539
2.56125,2.85175,10.612,0.389145,0,-1.6,0,0.79787,-0.347418,0.49265
-1.88475,17.1462,-3.37737,4.57223,0.658685,-3.5,0,-0.351748,0.0495124,-0.934784
19.5443,2.72412,48.8652,-0.594642,-0.528389,4.2,0,0.788274,0.275022,0.550443
32.085,4.54362,21.1394,-1.4148,-0.322937,-3.5,0,0.861551,0.172709,-0.477391
2.22603,2.37747,-0.391906,-0.455716,0,-0.9,1,0.768987,-0.369696,-0.52152
-1.36856,-0.106812,55.3007,0.123893,0,-0.9,0,-0.538288,0.700866,0.468009
-13.3916,10.829,1.4495,0.552878,0.328902,-3.5,0,-0.292835,0.932255,-0.212482
5.089,5.353,43.966,-0.331022,-0.0688077,3.8,0,-0.625338,-0.321026,-0.711263
13.4902,10.0483,17.9614,0.806333,0.045008,-0.8,0,0.21906,-0.261773,-0.93994
3.47388,8.67813,15.8121,-0.178723,-0.0103229,-4.44668,0,-0.73004,-0.456197,-0.508847
27.9778,-2.02262,32.6246,-0.809833,-0.336869,-0.7,0,0.653222,-0.276351,0.704934
-14.2618,10.3935,29.8869,0.522739,0.218067,-0.7,0,0.201785,0.16961,0.964632
3.47144,17.7977,36.083,0.0944545,0,3.8,0,-0.309587,0.750944,0.5833
1.56575,-1.71875,27.0794,-0.00514171,0,-3.5,0,-0.385584,-0.922189,0.0298757
19.8686,-9.49525,36.0836,0.0581675,-0.320456,-2.63616,0,0.303259,-0.719859,-0.624369
1.59231,19.8904,22.8425,-1.63261,0,-3.5,0,0.684397,0.319295,-0.655478
-30.3936,13.7974,31.4784,1.86574,0.00988766,-3.9,0,0.0340479,0.00881134,-0.999381
-4.2355,-2.17188,45.1801,-0.685119,-0.665624,-0.4,0,-0.703002,0.187772,-0.685952
-32.0045,16.3331,37.7581,-1.02309,-0.534775,-0.4,0,-0.838527,-0.406647,-0.362644
-23.9136,5.79213,30.3517,0.111347,-0.00557327,-1.6,0,-0.802833,0.104431,0.586987
-4.20731,20.5906,21.4315,-1.91668,-0.636535,-3.5,0,0.748896,-0.65161,0.120661
-21.9594,11.7638,20.9778,-1.05704,-0.831234,-3.5,0,-0.680559,0.730072,-0.0619166
31.6556,-8.384,22.9241,2.61935,0.602634,-3.9,0,-0.542958,-0.582789,0.604611
2.39363,-6.18363,56.8176,0.128192,0,-1.6,0,-0.296536,-0.253212,0.920842
2.523,20.9576,27.2523,-0.224229,0,-3.5,0,0.875952,0.440076,0.197588
-5.77612,-3.83337,13.1911,-0.363873,-0.152679,-3.67026,0,0.014935,-0.998692,-0.0489013
-11.0305,3.4455,9.4165,-0.0352986,0,-1.3,0,-0.398416,-0.845569,-0.355355
23.8573,1.20906,25.6731,0.661352,0,2.61105,0,-0.811499,0.189984,-0.552607
-18.8205,0.815656,6.77759,-0.209359,0,-3.5,0,-0.488687,-0.763604,0.422011
8.67262,9.02019,56.4064,0.206107,0,-3.5,0,-0.361792,0.918391,-0.160203
0.55025,13.1915,3.92512,0.0951158,0,4.5,0,0.864343,0.448637,0.227236
17.8724,-9.10388,46.9403,-0.380501,0,1.86747,0,0.689194,0.0740436,0.720784
2.3895,-12.4425,39.466,3.34842,0.138505,-3.9,0,-0.830795,-0.345154,-0.436633
-0.1325,18.2237,31.9652,-0.767805,-0.0268244,1.26772,0,-0.255437,0.955717,0.146142
0.270187,6.3815,-1.44544,-0.204172,0,-0.9,0,-0.294012,0.489059,-0.821205
14.8341,20.2582,28.9569,-0.963671,0,-3.5,0,0.167122,0.983702,-0.0663365
-26.8455,20.5807,33.0494,-0.845572,-0.213759,-3.70217,0,-0.431247,0.792108,-0.431961
-14.4917,-3.62212,16.5527,1.32422,-0.138959,-3.84001,0,0.259572,-0.384096,-0.886055
3.212,2.344,25.477,-1.6908,-0,-3.5,0,0.484191,0.0975407,-0.869508
3.453,5.726,1.18537,0.0653523,0,-0.9,0,0.871502,0.474311,-0.124551
-0.71625,18.1401,14.5244,-0.585974,-0.0312107,-1.03736,0,-0.119363,0.847218,0.517662
-25.1787,10.863,31.4101,0.0250931,0,4.2,0,-0.692683,-0.678092,-0.245727
-13.562,17.7633,9.24425,0.210603,-0.326289,4.2,0,-0.543587,0.835819,-0.0769417
8.38838,4.48925,60.036,1.66921,0,-3.5,0,-0.211714,-0.335885,0.917801
-22.5731,6.84062,17.5064,0.0171131,0,-3.5,0,-0.13449,-0.988247,0.0726699
-2.87275,20.4417,40.1312,-0.331156,0,-3.5,0,-0.88481,0.386824,0.259765
-23.8618,18.3063,45.105,0.218997,0,-1.6,0,0.925182,0.169488,0.339577
19.2711,-11.3748,46.8855,-0.206792,-0.0324252,-3.872,0,0.360662,0.63051,0.687299
10.6908,8.70331,53.0614,0.548793,0,4.2,0,-0.826604,0.393282,-0.402561
-25.7279,2.89256,39.2806,0.226717,0,1.9,0,-0.362741,0.534937,-0.76306
29.5464,-4.43738,21.7354,0.273383,0,2.38264,0,-0.220488,-0.974254,-0.0470487
7.03044,-4.79919,31.2608,0.241654,0.0617738,3.28296,0,0.0427323,-0.584907,-0.809974
0.106375,-10.6266,48.1049,0.511299,0.479249,-3.5,0,0.891658,-0.447247,-0.0701083
-21.1906,0.65375,20.6178,-0.422627,-0.57682,4.2,0,-0.546559,-0.594737,-0.589543
34.375,-1.748,23.709,0.095938,0,-3.9,0,0.863924,0.339205,0.372256
15.5895,2.19519,52.3613,0.363195,0,-4.5,0,0.205295,0.10499,0.973052
-1.49125,23.8102,25.5193,0.60867,0.22618,-3.9,0,0.707516,0.706264,-0.024739
-5.193,9.99788,45.2006,3.06549,0.00438785,-3.9,0,-0.768554,-0.225587,-0.598695
-22.8694,17.3067,24.7697,0.355724,0,-0.7,0,-0.918537,0.149266,-0.366074
30.8674,4.24762,31.4744,1.2635,0,-3.9,0,-0.388398,0.867602,0.310507
22.1634,8.34456,39.7106,-0.0353313,0,-3.5,0,0.894584,0.107551,0.433764
-17.9172,8.72531,40.7212,0.126023,-0.177847,1.881,0,-0.00947784,0.234012,0.972187
11.6362,-0.213687,30.2636,0.147719,0,3.8,0,0.396238,0.611944,-0.684485
3.09588,2.72813,37.9987,0.384942,0,3.8,0,-0.654499,0.283142,0.701043
16.3021,-11.675,34.3371,0.580207,0.841036,4.2,0,0.368412,-0.711884,0.597908
-6.85119,19.607,16.3921,-0.144897,-0.158553,-3.5,0,0.0705437,0.662323,-0.74589
19.8751,10.0975,33.3371,0.180264,0,4.5,0,0.962576,0.267153,0.0455766
6.54163,-9.98575,44.247,0.422821,0.143369,-1.3,0,0.660734,-0.718681,0.216627
2.59925,-10.3738,38.8891,0.346919,0,-3.9,0,-0.691059,-0.437043,-0.575701
15.7227,21.7445,20.012,-1.69587,-0.110698,-3.5,0,0.0214421,0.716852,0.696895
4.2765,4.78275,6.46287,-0.0542674,0,2.81707,1,0.912533,-0.220197,0.344669
7.24213,-14.2411,30.5529,1.27122,0,-3.9,0,-0.274604,-0.757362,-0.592449
-16.2276,8.95325,36.0759,0.547759,0,3.8,0,0.809444,-0.108733,-0.577042
32.216,-3.91738,19.4445,0.269882,0,-3.9,0,0.262435,-0.442321,-0.857601
13.4721,-6.74312,20.699,0.186048,0,-4.5,1,-0.0209814,-0.980075,0.197516
-15.7788,9.50338,32.983,-1.36021,-0.0838309,-3.2,0,0.813669,0.479465,0.328719
7.51288,21.2505,23.1752,2.54495,0.319126,-3.9,0,-0.0162388,0.311564,-0.950086
6.57569,4.0475,13.7259,1.2833,0.152429,-4.5,0,-0.208711,-0.900511,-0.381471
19.4459,6.70638,31.9734,0.321741,0,4.5,0,0.635517,-0.228844,-0.737393
-31.2851,17.5214,36.1085,-0.860277,-0.276446,-0.823154,0,-0.849697,0.178336,-0.496196
13.3112,-11.5883,51.0578,-0.17672,0,-3.5,0,0.149923,-0.940101,0.30616
-1.5005,16.5018,42.6927,-0.250049,0,-3.5,0,-0.552074,-0.470148,0.688603
-0.95875,6.91531,48.8524,0.173748,0,-3.9,0,-0.646734,-0.554492,0.523711
-23.2334,17.9097,35.1941,-0.0751212,0,-3.5,0,0.153857,-0.344371,0.926141
8.302,19.8429,34.858,1.97868,0.667346,-3.9,0,0.98683,0.103523,0.124296
23.9595,-0.474125,37.4637,-1.87426,-0.3808,-3.5,0,0.920044,-0.367032,0.137139
13.0404,6.89569,27.6025,-0.0860795,0,-4.5,0,0.507658,-0.504565,-0.698354
8.45575,5.02362,18.7125,1.07078,0,-4.5,0,0.719336,-0.536184,0.441659
3.76069,1.05013,39.7767,-0.192614,-0.119857,-1.3,0,-0.368719,0.778993,0.507164
-26.7836,10.0052,42.7012,-0.419629,-0.105157,1.81074,0,-0.793581,-0.190051,-0.578022
16.0552,-1.9425,51.1532,-0.946661,0,-4.5,0,0.532511,-0.644604,0.54856
3.4925,11.3355,6.19137,-0.711565,-0.286216,-0.764053,0,-0.211094,0.45062,-0.867399
-20.003,1.75888,6.9755,-0.048466,0,-3.5,0,-0.64407,-0.675317,0.359334
-1.17025,-9.28241,46.1135,-0.622266,0,-0.7,0,-0.577299,-0.596183,-0.557935
11.9672,12.0933,36.747,-1.06097,0,-2.64885,0,0.320936,0.44403,0.836563
-23.0831,8.61825,25.0214,0.383325,0,-0.0405501,0,-0.95628,-0.26843,0.116078
7.11756,21.3228,13.0759,-0.395797,-0.776769,-1.6,0,0.179705,0.971197,-0.156467
-10.1573,-5.52731,15.1247,-1.05415,-0.0179884,-3.5,0,0.133065,-0.900657,-0.413655
-6.93344,16.6681,2.19306,0.577057,0,-1.6,0,-0.697933,0.707923,0.108327
0.33425,-6.90763,37.7214,0.337736,0,-3.5,0,-0.949772,-0.312689,-0.0126
15.6543,7.97188,51.3761,0.510337,0,4.2,0,0.908354,0.0876724,-0.408909
34.9844,-1.29175,10.7041,-0.777088,-0.493314,-1.6,0,0.187256,-0.482392,-0.855706
-28.0666,9.3095,46.8924,0.0392401,0,1.8,0,-0.42541,-0.805688,0.412182
8.76525,15.3057,36.233,-0.399951,0,4.2,0,0.154542,0.813076,0.56127
-20.1876,-0.830187,21.0583,0.513747,0,-3.9,0,-0.898584,-0.438159,0.0237195
-2.10844,0.126687,16.0662,0.660684,0,-3.5,0,0.964033,0.218396,-0.151473
-21.4024,20.3675,37.0877,-1.84764,-0.408403,-3.5,0,0.281154,-0.434596,0.855616
8.37431,15.0697,47.2404,0.0391879,0,-0.7,0,0.342925,0.120082,0.931656
-4.28225,20.8638,1.65325,-0.758336,-0.0656947,4.2,0,-0.590669,0.525815,-0.61207
-18.495,15.072,18.7585,-0.69126,0,-3.5,0,-0.9874,-0.128727,0.0920379
7.30062,8.95012,49.3298,0.0816098,0,-3.5,0,-0.419568,0.58295,0.695796
-17.3825,-0.438,23.5804,-0.229733,0,-3.24533,0,-0.0128495,-0.906094,0.422881
-26.7485,20.1873,43.8844,0.360611,0,-1.6,0,0.254446,0.942379,-0.217209
-10.9377,-4.69225,11.1159,2.02247,0.131372,-3.9,0,-0.677603,-0.6401,-0.362112
-14.3859,17.0222,25.4556,-0.0148563,0,2.8,0,0.398891,0.880861,0.254892
-0.64325,3.53694,23.0624,-0.65419,-0.643979,-2.02582,0,0.468067,-0.752456,-0.463382
-31.7599,11.1608,32.5764,3.04939,0,-3.9,0,-0.596265,-0.710246,-0.374191
2.9545,-0.563812,25.0037,-0.314455,0.18838,-3.5,0,0.327426,-0.374352,-0.867556
1.59725,16.6313,45.3046,0.108329,0,-1.6,0,-0.736275,0.311177,0.60089
6.82678,4.70016,26.5488,3.04534,0.0583284,1.00078,0,0.683507,-0.650177,-0.331796
-15.5382,7.30797,0.775594,0.264633,0,-3.5,0,-0.939938,0.110585,-0.322937
12.1,20.473,18.691,0.129347,0,-3.5,0,-0.481723,0.569337,0.666182
-31.2283,17.0698,45.1291,-1.71193,-0.0578776,-1.6,0,-0.868574,-0.204318,0.451479
33.2986,2.0175,30.252,0.337697,0,-3.9,0,0.929563,-0.3652,-0.0504172
-23.9404,7.96325,34.4606,0.094057,0.465026,-1.78596,0,-0.926715,-0.207282,-0.313423
-27.7761,17.2461,46.7012,0.345713,0,-1.6,0,-0.124106,-0.0919661,0.987998
15.0122,-1.041,52.2995,-1.48518,-0.932311,-4.5,0,0.370581,-0.159933,0.914927
11.8751,-11.1577,50.0289,-0.849238,-0.887186,-3.5,0,-0.461754,-0.867613,0.184476
-18.2306,2.269,17.5186,0.214714,0,-3.18979,0,-0.838923,-0.307152,-0.449296
13.7183,12.2121,53.0422,-0.0141631,0,-0.8,0,-0.473282,0.61662,-0.629114
4.83344,5.602,48.8475,0.155121,0,-0.696,0,-0.357144,0.430561,0.828894
15.7627,-12.0151,40.3244,-0.291399,0,1.9,0,0.0804223,-0.657072,-0.749525
6.08981,18.7393,25.0674,0.45446,0,-3.9,0,-0.763917,0.361313,-0.534681
25.8636,-2.84488,33.0756,0.113161,-0.28772,-0.7,0,0.455971,-0.356341,0.815544
-1.93288,2.29813,14.4241,0.135236,0,-1.51688,0,0.721282,-0.564149,0.401855
-26.0058,-0.682125,38.6936,0.612151,0,1.9,1,-0.396177,-0.597006,-0.697586
-11.5518,10.9384,29.1386,0.236449,0,-0.7,0,0.427085,0.31572,0.847301
-0.095125,22.4205,2.14575,-1.24364,-0.210835,-0.8,0,0.973776,0.151479,-0.169751
25.6939,-8.03375,37.6545,0.0854113,0,-3.5,0,0.949525,-0.228894,0.214501
8.201,-8.33075,44.6317,-0.0388876,0,-1.3,0,0.385876,-0.851551,0.354911
13.0986,-12.6978,37.587,-0.368011,0,-3.5,0,0.35681,-0.597124,0.718422
-30.77,16.3078,43.2661,-0.27492,0,-1.6,0,-0.730364,-0.677289,0.0885827
3.86381,-9.65044,46.2056,-1.01105,-0.744748,-1.3,0,-0.437201,-0.666099,0.604291
-13.2856,2.616,11.5399,0.0831444,0,4.2,0,-0.133719,-0.471048,-0.871913
-10.9961,-3.27413,13.2676,0.801347,-0.0728798,-3.75327,0,-0.994871,-0.0503443,-0.0877376
-6.51937,15.964,30.5972,1.11326,0.141075,-4.5,0,-0.96974,0.0168558,0.243556
8.3705,16.607,11.597,-0.310925,-0.473705,-1.17574,0,0.69031,-0.525642,-0.497165
-10.5144,7.69088,27.9006,-0.772793,-0.34002,0.888218,0,0.95265,0.278472,0.122113
0.420125,-3.83256,36.4831,0.0865054,0,-3.5,0,-0.817354,0.550394,0.170293
-19.4581,18.3295,26.751,0.363728,0,-0.7,0,0.523909,0.830158,-0.190676
7.82513,11.9421,40.9714,-0.57726,-0.0132938,-0.952531,0,0.885284,0.439537,-0.151917
20.7703,7.4485,36.8065,-0.856597,-0.763288,-3.5,0,0.292339,0.774251,-0.561314
1.58725,2.67362,32.2901,-1.72526,-0.19116,1.9,0,-0.978431,-0.205804,-0.0178206
3.99441,-8.81637,48.9569,-0.0274143,0,3.8,0,-0.0902042,-0.991173,-0.0971584
-5.14775,-9.25675,52.5215,-0.0189024,0,-0.4,0,-0.276709,-0.848024,0.451983
-4.18081,24.3968,25.7281,0.128698,0,-3.9,0,-0.464479,0.80942,0.359303
-14.2351,10.6941,7.4025,1.11882,0.321557,-4.5,0,-0.389574,0.398942,-0.830107
0.088,17.9263,36.5441,-0.307484,-0.683556,-2.29544,0,0.537396,0.828138,0.159352
-24.9265,7.98975,45.899,0.633975,0,1.9,1,-0.377292,-0.38567,0.841967
-12.084,22.4615,19.1868,0.372946,0.00682307,-3.5,0,-0.683671,0.720701,-0.114823
7.32356,-2.51181,21.7307,0.387751,0,-1.3,0,-0.628372,-0.440673,-0.641059
0.128937,19.2336,31.1273,-1.51784,0,1.8,0,-0.703731,0.230655,0.671983
-10.002,21.737,20.578,0.175916,0,-3.5,0,0.262067,0.528465,0.807494
-21.9206,1.93338,28.2895,-1.60933,-0.121818,-0.8,0,-0.0349526,-0.897202,0.440234
15.1994,-9.99963,26.0882,0.376284,0,-0.4,0,-0.472965,-0.555562,-0.683853
-28.1521,18.9759,41.1181,0.807719,0.169958,-3.56506,0,0.963479,0.102886,-0.247231
0.06425,1.16463,24.1819,-1.00109,-0.47607,-3.5,0,0.00435658,-0.0442295,-0.999012
12.7103,17.7731,31.9419,0.0796697,0.00536589,-3.5,0,-0.0225288,0.918822,0.394028
-0.084,-6.86163,41.2766,0.522735,0,-3.9,0,-0.671624,0.0877973,-0.735671
-15.0585,15.8215,17.989,-0.256183,0,-3.5,0,0.469589,0.65375,-0.593378
4.466,-8.092,53.3577,-0.410682,-0.869461,-1.6,0,0.0626464,-0.995507,0.0710066
-1.49631,-14.2415,47.2448,-1.79713,0,-3.5,0,-0.144248,-0.646497,-0.749156
-30.0637,17.0112,28.6095,-1.60604,-0.0310168,-3.5,0,-0.784539,-0.524717,0.330409
-13.3186,18.3766,19.7297,1.10688,-0.0487849,-3.61802,0,-0.362113,-0.187296,-0.913123
14.3234,20.2141,30.4217,-2.2903,-0.349815,-3.5,0,0.128004,0.82743,0.546786
13.5403,-16.2356,46.6917,-1.48744,-0.469401,-3.5,0,-0.340746,-0.818894,-0.46185
21.023,5.5045,39.7375,0.41953,0,-3.5,0,0.802553,-0.505451,0.316904
9.35294,5.8165,17.1954,0.602016,0,-4.5,0,0.87977,-0.318037,0.35335
-7.21838,0.751125,26.716,-1.54515,-0.018046,3.8,0,-0.225456,-0.96516,0.1328
9.65125,17.0858,32.797,-0.279842,0,-3.5,0,-0.523171,0.846623,0.0975781
21.1626,7.11412,40.4171,0.552955,0,-3.5,0,0.790018,-0.158765,0.59217
8.78406,-9.75506,29.2469,0.44196,0,-3.9,0,0.0778534,0.206811,-0.975278
6.38938,15.144,10.3153,-0.428998,-0.35634,-0.8,0,0.573588,0.363237,-0.734204
8.95425,12.3387,12.6622,-0.0520465,0,-3.5,0,0.979532,-0.191978,0.0605094
14.65,-2.0895,52.25,0.0906617,-0.36652,-4.5,0,0.726348,-0.0528133,0.685295
11.143,8.89569,52.0844,0.423543,0,4.2,0,-0.948679,0.205229,0.240602
-21.2794,15.6455,37.7728,-0.0439536,0,2.5,0,0.612509,0.739715,-0.278665
33.6682,-2.982,16.787,0.376087,0,-0.4,0,-0.856071,-0.37831,0.352169
33.9422,0.128688,17.8429,0.544011,-0.0325202,-3.9,0,-0.718517,0.100791,-0.688167
22.2583,-10.5446,28.3474,-0.0715266,0,-0.8,0,0.586898,-0.229483,0.776459
-7.01353,8.89456,-2.15197,-0.129114,0,-3.5,0,0.0302436,-0.797179,-0.602985
2.77325,20.546,32.8083,-0.28688,0,-3.9,0,-0.553749,0.816187,0.164927
-25.1309,14.47,45.2057,-0.330851,-0.627638,0.985324,1,0.244114,0.361753,0.899746
-9.84656,-3.85431,21.2423,1.42738,0.537764,-3.9,0,0.944833,-0.175442,0.276604
-23.929,7.45672,30.2081,0.395564,0,-1.6,0,-0.809854,0.216869,0.545073
7.359,9.487,48.2869,0.52568,0,-3.5,0,-0.297657,0.759534,0.578368
-24.2296,9.91059,18.8573,0.136825,0,-3.5,0,-0.787205,0.254378,0.561783
0.569438,13.9344,7.13544,0.214739,0.0930844,-3.00816,0,0.61054,0.178635,-0.771577
24.1466,-7.26837,24.4496,0.545105,0,-1.6,0,0.870038,-0.142119,-0.472055
-11.7202,6.11191,30.1085,0.422731,0,-1.3,0,-0.071696,0.895587,0.439072
8.72287,-1.30175,58.1496,1.28239,0,-3.5,0,0.0670633,-0.0430139,0.996821
4.88381,7.11253,7.45603,0.174417,0,3.8,1,0.955549,-0.123577,-0.267686
18.398,6.41997,46.9803,0.258563,0,4.2,0,0.486948,0.86044,0.150078
-23.6332,5.05806,25.0899,-0.184861,0,-0.8,0,-0.392438,0.296291,-0.870749
-16.3871,6.72344,39.5599,0.21046,0,3.8,1,0.701187,-0.626607,-0.340148
-3.85525,9.46125,44.6115,1.10793,0.729444,-3.9,0,-0.127403,-0.410102,-0.903097
4.72397,16.7188,48.4126,0.210258,0,-1.6,0,0.180104,0.731257,0.657895
0.684937,15.886,0.819062,0.21426,0,-3.5,0,0.828752,-0.514088,0.221098
33.2645,2.4925,22.706,-0.483175,-0.447653,-3.71594,0,0.685402,0.722602,-0.0898409
-14.7039,1.73384,32.087,0.751766,0,-4.5,1,-0.29995,-0.599118,-0.742353
0.564375,2.84134,50.8098,-0.118241,0,2.98635,0,-0.160692,0.705987,0.689754
2.46481,18.8747,34.1432,-0.0263631,0,-3.9,0,-0.74686,0.561947,0.35555
-25.6674,5.53525,42.3916,0.31558,0,1.9,1,-0.979168,0.188361,-0.0758348
-0.970563,25.2727,29.4915,-0.38434,0,-3.5,0,0.159484,0.958318,-0.237048
7.86597,8.43959,14.7659,0.162121,0,-4.5,0,0.807748,0.588975,-0.0255382
-25.6658,19.1055,43.2827,0.589189,0,-1.6,0,0.354356,0.615612,-0.703884
19.2565,10.211,37.04,-0.0010102,-0.551874,3.74784,0,0.979958,0.189889,-0.0602048
-17.8499,15.7454,34.3708,1.049,0,-3.9,0,0.71365,-0.437328,0.547218
34.8998,-5.47544,21.917,0.639952,0,-3.9,0,0.980442,-0.196154,-0.0160453
5.32325,17.5543,22.3062,-0.145697,0,3.84916,0,-0.0044601,0.996956,-0.0778434
7.9835,19.0098,33.9688,1.20665,0.247253,-3.9,0,0.921284,-0.365338,-0.133278
18.2553,15.385,34.3013,0.253768,0,-3.9,0,0.963381,0.219704,-0.153712
-12.9565,-0.4355,14.3655,-0.275009,0,4.2,0,-0.167151,-0.984757,-0.0481073
-1.81075,3.35444,-2.52194,0.126334,0,-1.24515,0,-0.0446248,-0.112268,-0.992675
-0.695188,3.64753,48.5087,0.104086,0,3.8,1,-0.839198,0.455436,0.297196
13.5989,1.89094,56.0332,0.771711,0,-1.6,0,0.90604,-0.221499,-0.360595
-22.4312,7.7685,13.3415,-0.664379,0.0747891,-2.75254,0,-0.668505,-0.438561,0.600637
-10.5504,9.45519,26.3236,0.0834794,0,-0.7,0,0.825805,-0.562297,-0.0432103
4.75431,20.2908,32.2642,0.40181,0,-3.9,0,0.0275097,0.746709,-0.664581
-5.38775,25.0653,23.2755,0.453089,0,-3.9,0,-0.642396,0.513216,0.569155
-10.8385,7.341,29.1785,0.086785,0,-1.13874,0,0.297335,0.615798,0.729647
10.8348,10.0077,47.5559,0.176031,0,-3.5,0,0.428501,0.887565,0.16916
33.9519,-3.50544,19.3597,0.12216,0,-3.9,0,-0.2443,-0.628681,-0.738294
-10.1763,-5.29313,21.0662,2.59087,0,-3.9,0,0.813839,-0.510058,0.278399
5.62875,-9.89075,31.4342,1.67576,0,-3.9,0,-0.788009,0.596419,-0.152729
33.8205,-2.4105,18.1415,0.416983,0,-0.4,0,-0.780183,-0.35559,-0.514655
-2.58013,-4.81138,43.6049,0.168859,0,-0.7,0,-0.581834,0.69715,-0.418868
21.1066,-7.7585,12.2056,0.607106,0,1.9,1,-0.972698,-0.152764,-0.174704
1.68397,11.8225,7.41366,0.243903,-0.0709113,1.74893,0,0.269985,0.506806,-0.818692
3.34663,19.7361,26.4136,-0.217769,0,-3.5,0,0.949785,0.266518,-0.163941
12.1519,18.7511,27.2224,-1.54561,-0.838628,-3.5,0,-0.677067,0.487551,-0.551248
-6.03906,9.34344,25.3733,-0.803747,-0.183632,3.8,0,-0.356983,-0.674888,0.645825
0.174688,10.8409,13.5932,0.463711,0,4.5,0,0.747379,-0.663789,-0.0284443
18.222,16.1852,35.3457,0.301629,0,-3.9,0,0.898965,0.330072,-0.28795
-8.89188,6.85194,31.5334,0.450111,0,-1.3,0,-0.0253551,0.981119,0.191738
-3.23213,0.0510625,23.0061,0.128798,0,1.8,0,0.595024,-0.795799,-0.112474
29.9373,1.32444,33.2415,2.57244,0.0634695,-3.9,0,-0.320818,-0.599984,0.732867
3.80531,6.47544,24.1432,1.72377,0,-3.9,0,-0.470721,-0.695507,-0.542856
22.0462,-9.10325,14.678,0.0301391,0,1.9,0,0.395252,-0.201596,0.896178
26.0875,5.36034,24.9578,2.79547,0,-3.9,0,-0.067845,0.871583,0.485532
19.1781,-5.14512,15.4934,0.155384,0,-0.780335,1,-0.963474,-0.237735,0.123286
6.88775,-4.56475,55.325,-0.247135,0,-1.6,0,0.0618165,-0.298858,0.952293
-0.915875,7.32194,34.3759,0.440441,0,-3.94228,0,-0.904888,-0.369057,-0.212073
-20.5064,17.1084,22.1914,-0.303077,-0.305312,-0.7,0,-0.265085,0.0642238,-0.962084
-2.3245,0.65775,14.0772,0.221191,0,-2.12865,0,0.901038,-0.429797,0.0583554
-19.9802,16.1965,35.8438,0.316066,0,-3.9,0,0.0668153,-0.162931,0.984372
-1.36612,8.90812,43.5685,-0.597458,0,-3.5,0,-0.826554,0.484256,-0.286888
22.3013,2.72675,34.6716,0.878322,0,-2.54242,0,0.980765,0.12913,0.146372
21.681,-0.043,15.0382,0.361375,0.0150516,3.8,0,0.337861,0.279798,-0.898645
20.7025,1.19944,18.9607,0.326596,0,3.8,0,0.0604262,0.473161,0.878901
-2.34475,19.4016,29.4025,-1.81675,0,-3.5,0,-0.423262,-0.169377,0.890034
-6.86569,-3.38569,10.41,0.538731,0,-3.9,0,0.469512,-0.773526,-0.425695
18.418,2.58687,16.4906,0.177607,0,3.8,1,-0.599704,0.79672,0.0747849
2.91891,0.0487188,8.88,-0.451982,-0.0786058,-0.4,0,0.198659,-0.455427,0.867825
10.8077,20.3771,15.6597,0.366049,0,-3.5,0,0.231832,0.850029,-0.472974
-19.8731,11.7327,46.167,-0.157561,0,1.9,0,0.583875,-0.113119,0.803924
1.43512,6.23663,10.1882,0.324696,0,-1.38944,0,0.00476328,0.285284,0.958431
-16.6708,12.2437,9.05681,0.462727,0,-3.9,0,-0.551675,0.194929,-0.81096
-2.60812,6.4705,43.5728,0.342905,0.0318733,-3.55718,0,-0.750238,0.180542,0.63604
20.2237,16.8895,39.1315,2.89697,0.103624,-3.9,0,0.88722,0.461334,0.00348831
0.960437,11.9098,4.17131,0.113695,0,4.5,0,0.847254,0.482231,0.222742
10.3649,-16.443,31.3325,0.81111,0,-3.9,0,0.160611,-0.867868,-0.470117
-10.8698,2.29497,2.60728,0.495865,0,-1.6,0,-0.248798,-0.613888,-0.74916
-17.0488,-1.48812,22.2948,-0.241266,0,-3.9,0,0.107942,-0.441098,0.890944
7.30572,10.534,14.2904,0.0710382,0,-3.5,0,0.980646,-0.192909,-0.0334599
11.8317,-14.6795,34.4922,-0.131942,0,-3.85071,0,0.383832,-0.825574,0.413643
5.73191,-7.26772,54.4587,0.475146,0,-1.6,0,0.679862,-0.619716,0.392096
15.7042,-3.18191,49.0879,-1.04422,-0.28554,-4.5,0,0.67523,-0.623385,0.394279
-26.0308,17.7512,38.0648,-0.286456,0,-3.9,0,0.677075,-0.190382,0.710862
-17.7085,-5.19575,18.0508,0.670567,0,-3.9,0,-0.749346,-0.418592,-0.513089
8.21403,20.7393,10.7649,0.199604,0,-1.6,0,0.414067,0.825126,-0.384337
-23.3404,7.08962,37.5447,-0.359983,-0.388762,-0.717772,0,-0.986199,-0.155081,-0.0579788
2.37013,-1.36312,30.9224,-0.0758024,0,1.8,0,-0.843984,-0.155005,0.513482
-24.2986,10.0516,25.6764,0.129909,0,3.8,0,-0.717476,-0.685513,-0.123695
29.8768,1.97575,20.9958,-0.255916,0,-3.5,0,-0.131624,0.177956,-0.975196
13.5289,-1.90275,24.5681,0.565122,0,-1.3,1,0.671747,0.627063,-0.394396
13.402,-11.435,39.4285,-0.371673,0,-0.0838057,0,0.289645,-0.887307,-0.358877
-17.9453,18.9637,32.0885,2.74299,0,-3.9,0,0.733213,0.64736,-0.208144
1.84891,-10.0133,41.4139,0.410925,0,-3.9,0,-0.784518,-0.602656,0.146071
12.0093,7.58309,56.908,0.124522,-0.14426,4.2,0,0.712062,0.275327,0.645881
-23.4676,9.692,21.9449,-0.845207,-0.179237,-3.5,0,-0.984186,0.106435,-0.141596
-8.85419,14.1669,27.5408,0.199544,0,3.8,0,-0.391559,0.403433,0.826997
-24.6739,22.2523,25.0301,2.62524,0,-3.9,0,-0.878986,0.449484,-0.159211
-2.43587,7.50794,29.5013,3.8898,0,-1.47355,0,-0.975483,0.00252546,0.220059
-4.85975,23.634,26.943,-0.0656673,-0.0204307,-3.79429,0,-0.660234,0.67267,0.334075
5.71444,1.77159,59.0446,0.29326,0,-3.9,0,-0.535735,-0.0524216,0.842757
7.18825,7.962,10.9552,0.918633,0.193576,-3.5,1,0.720607,-0.482806,-0.497618
12.3264,-10.1071,47.638,-0.396536,-0.205426,-3.5,0,-0.528995,-0.514114,-0.675168
2.60888,19.1248,43.8733,0.401333,0,-3.5,0,0.0195935,0.658929,0.75195
-22.0822,22.3857,27.3853,0.608356,0,-3.9,0,0.663786,0.747241,0.0319251
-2.83519,-9.4265,47.2098,0.194959,0,-3.5,0,-0.606295,-0.0616536,-0.792846
19.3448,5.33287,45.9925,0.248082,0,4.2,0,0.812841,0.534845,-0.230715
20.4939,4.39937,30.6003,0.350951,0,2.8,0,-0.131348,0.960328,-0.246004
30.755,3.6095,33.273,3.15829,0,-3.9,0,-0.368244,0.813771,0.449637
-18.596,11.3503,31.5689,0.309119,0,1.81505,0,0.66211,0.623558,0.415675
16.5615,3.14884,51.4393,1.00314,0,-4.5,0,0.623792,0.350006,0.698842
20.638,1.20409,45.6771,0.571396,0.237198,4.2,0,0.898157,0.409701,-0.15956
8.926,-14.0767,35.4432,1.39491,0,-3.9,0,-0.351029,-0.4056,0.843959
11.2371,8.44775,11.4204,3.14599,0.105918,-3.9,0,0.471449,-0.787156,0.397646
19.9557,-0.525563,14.0962,0.165698,0,1.49347,0,0.335743,0.351517,-0.873906
2.29925,-1.28625,37.2564,0.5507,-0.0834699,-1.3,0,-0.978503,-0.129094,-0.160834
-2.256,-2.08637,54.8625,-0.454961,0,-0.9,1,-0.919078,0.0928864,0.382972
7.07688,9.29019,9.73181,0.368056,0.00172235,-3.8983,1,0.246607,-0.898899,-0.362167
13.2142,-0.31325,25.2763,0.224153,0,-1.3,0,0.203283,0.885584,-0.417633
-3.333,11.346,37.4405,0.124188,0,-0.8,0,-0.278421,-0.955375,0.0986959
-22.9277,2.265,41.1546,0.264063,0,1.9,1,0.87484,-0.484412,-0.00051784
3.47606,-4.47819,56.4152,0.13469,0,-1.6,0,0.264871,0.339585,0.902511
16.1992,17.1191,36.0317,0.044272,0,-3.9,0,-0.490235,0.868601,0.0721205
-22.4562,15.6864,35.5889,-0.490088,0,-3.5,0,0.306366,0.770017,0.559655
23.4603,4.63125,30.2006,0.495196,0,2.8,0,0.464882,0.869933,0.164628
11.3105,11.0105,11.3875,2.15912,0,-3.9,0,0.581309,0.40989,0.702901
25.4557,-7.01687,31.251,0.0384093,0,2.5299,0,0.600507,-0.590308,0.539378
10.2565,8.85975,12.0515,0.96136,0.440263,-3.9,0,-0.337646,-0.623911,0.704791
-14.764,1.92725,11.226,-0.149849,0,1.9,0,0.180863,-0.900233,-0.396067
-3.52394,6.08606,27.2622,-0.0323097,0,0.333206,0,-0.596454,0.713832,0.366997
32.8071,1.59362,33.1345,3.14591,0.267809,-3.9,0,0.82206,-0.280243,0.495663
13.2791,18.8431,31.0697,-1.21043,0.141558,-3.5,0,-0.368951,0.60454,0.705979
29.5982,-0.304062,9.60525,-1.41555,-0.0493455,1.8,1,0.290064,0.655788,-0.696997
-2.438,-7.87288,42.6226,-0.187265,0,-0.7,0,-0.475925,-0.674788,-0.564054
5.20975,7.42469,48.9178,0.147907,0.022752,-3.5,0,-0.355763,0.222095,0.907803
23.4424,-10.5132,27.6074,-0.212953,-0.14753,-0.8,0,0.683717,0.0638433,0.726949
23.2234,-4.70769,10.1663,0.263788,0,1.9,1,-0.77121,0.0836925,-0.631056
-0.937875,-0.6465,42.7605,0.576382,0,-1.6,0,-0.934436,0.182722,-0.305683
-14.3655,4.8015,34.783,1.46443,0.00321536,-4.5,0,0.189173,0.721309,0.666279
10.0337,-8.86178,46.2513,-0.145722,0,-1.3,0,-0.314427,-0.888903,-0.333147
31.6374,-3.91031,8.73744,0.00540482,0,1.8,0,0.853933,-0.0117669,-0.52025
33.2238,3.02572,13.8717,0.532485,0,-1.6,0,-0.0322114,0.513656,0.857391
-4.15863,21.8484,29.5286,-1.01255,-0.0948134,-3.5,0,-0.675108,-0.170734,0.71769
-0.1505,6.2135,40.5197,0.533885,0,-3.5,0,0.190789,-0.967651,0.165078
13.2905,-12.5848,50.1585,-0.3976,-0.609516,-3.5,0,-0.362194,-0.329791,0.87181
-12.2658,18.4544,18.7678,-0.427123,0,-3.5,0,-0.854698,-0.409526,-0.31903
-8.55131,1.05988,30.4023,0.122505,0,-1.3,0,0.0563282,-0.956942,-0.284763
15.561,-6.56194,18.9911,0.412939,0,1.64479,0,0.0476362,-0.331558,-0.942231
-16.0872,10.4867,40.9761,0.0800996,0,3.8,0,-0.114137,0.361171,0.925488
-30.4347,20.6759,37.3967,0.184825,0,-3.9,0,-0.749727,0.632491,-0.194589
-7.41463,14.605,1.79562,1.52155,0.0402135,2.46008,0,-0.940267,0.339065,0.0305516
5.54156,5.76575,15.5448,1.00666,0,-4.5,0,-0.931131,-0.291411,-0.219257
1.912,18.207,33.4868,-0.324065,0,-3.9,0,-0.61898,0.745836,0.246156
6.5235,17.27,35.3485,0.404462,0.0195241,-3.9,0,0.762369,-0.134352,0.633043
12.8087,-15.3528,31.1449,0.19336,0,-3.9,0,0.445821,-0.770117,-0.456249
19.2529,-6.81406,45.9569,0.0857604,0,-3.9,0,0.564496,0.00326145,0.82543
14.4049,-2.565,24.0305,0.855977,0,-3.17223,1,0.0620351,0.977898,-0.199668
-18.359,1.1015,17.508,0.766496,0,-3.69357,0,-0.871801,0.223379,-0.435964
32.8695,-2.773,15.68,0.21984,0,-0.4,0,-0.343851,-0.773796,0.531984
27.255,1.80725,18.367,-0.0816155,0,2.5,0,-0.0657279,0.945381,0.319273
12.1132,-11.1888,30.2152,0.314921,0,-3.9,0,-0.229111,-0.449119,-0.863597
-27.4252,11.797,37.1592,-0.499741,-0.208139,-3.5,0,-0.826311,-0.518208,-0.220614
3.93156,4.846,49.3715,0.115017,-0.149354,1.82649,0,0.21374,0.560599,0.800027
32.7634,2.99358,28.5732,0.32785,0,-3.9,0,0.955174,0.0595404,-0.289996
0.377438,17.9339,33.4934,-0.574486,0,-0.7,0,0.107103,0.994138,0.0147639
-2.50312,-3.404,1.10888,0.0720281,0,-3.5,0,-0.278035,-0.124955,-0.952409
8.46691,-3.97103,57.078,-0.113567,0,-3.5,0,-0.559851,-0.660003,0.500962
9.45003,20.4946,25.3603,1.36329,0,-3.9,0,0.902642,0.418418,0.100815
31.5572,1.11812,10.9824,0.273021,0,-1.6,1,-0.386028,0.0305673,-0.92198
13.2896,13.1206,17.7186,0.180905,-0.0937165,-3.5,0,0.473009,-0.446739,-0.759399
14.5122,6.5855,41.9885,0.305898,0,0.14112,0,0.053529,0.468189,0.882006
-0.818375,9.63006,13.1283,0.410684,0,4.5,0,0.740395,-0.658334,-0.135688
-1.26937,-5.10125,55.6824,-0.303326,0,-0.9,0,-0.689736,-0.326054,0.646493
-4.45781,16.2834,9.77406,1.49035,0.459382,-3.28793,0,-0.2761,0.791515,0.545227
15.5321,17.5403,17.537,0.0372884,0,-3.5,0,0.926377,-0.367419,-0.0826423
-15.1737,8.101,37.6484,0.30132,0,3.8,0,0.543072,-0.627365,-0.55811
2.16653,18.5643,21.8137,-0.442044,0,4.2,0,0.416887,0.846574,-0.330935
-21.0625,6.518,20.306,-0.116272,0,4.2,0,-0.867368,-0.179152,-0.464304
13.825,7.95725,27.12,0.27574,0,-4.5,0,0.73557,-0.61168,-0.291177
-7.82,22.0665,18.6555,0.0963159,-0.113002,-3.5,0,-0.191155,0.903207,-0.384288
-16.3143,12.6091,39.1601,0.0538255,0,3.8,0,-0.146105,0.931034,0.33441
37.0569,0.753625,19.9289,0.232129,0,-3.9,0,0.746699,0.0726565,0.661182
36.0795,2.14297,12.1802,-0.0752377,0,-1.6,0,0.744399,0.525771,-0.411624
2.91034,18.4442,28.4934,-0.36973,-0.169037,-3.6716,0,0.82083,0.554728,0.136069
21.2047,-1.11628,45.6886,0.258266,0,4.2,0,0.999261,-0.0259453,0.0283639
-3.57444,25.179,25.0189,0.113173,0,-3.9,0,-0.300285,0.865436,0.40106
31.5155,-2.88616,17.6822,0.181174,0,-3.5,0,0.95446,-0.0288524,-0.296941
34.7182,-3.56706,17.9663,-0.286812,-0.0442302,-0.4,0,-0.546582,-0.836769,-0.0326443
-28.7544,12.8383,35.5506,0.348242,0,-3.76055,0,-0.264796,-0.665677,0.69768
7.852,7.36788,13.0011,0.573503,0.195365,-4.5,0,0.782031,0.00731963,-0.623196
29.2622,-5.39556,9.97822,0.0176965,0,1.8,0,0.120849,-0.978172,0.169039
1.25975,-0.68525,30.1857,-0.200711,0,0.191489,0,-0.264781,-0.638974,0.722221
-3.35272,24.1005,27.4935,0.437826,0,-3.59807,0,-0.381613,0.924313,-0.00404285
-0.866156,8.39481,49.5711,0.221533,0,-3.9,0,-0.190352,-0.35227,0.916336
-13.187,5.80128,31.6563,0.603741,0,-1.46897,1,0.48719,0.776047,0.400496
-1.556,11.3115,49.2902,0.292709,0,-3.9,0,0.0795065,0.824208,0.560678
14.9999,-2.76959,20.04,1.16191,0,-4.5,0,0.184976,0.873391,-0.450524
21.4642,-1.16303,40.6591,1.91612,0,-3.9,0,-0.0407108,0.881402,0.470609
19.1537,-2.1865,17.6903,0.421392,0,3.8,0,-0.912398,-0.406376,0.0488707
-2.5885,6.74944,36.016,1.18822,0,-4.5,0,-0.299529,-0.0259702,-0.953734
-1.30175,4.998,42.0605,0.620763,0.547184,-3.5,0,0.516407,-0.85274,-0.0784677
1.73925,9.55381,10.9121,0.271495,0,3.8,0,-0.225668,-0.538331,0.811957
-15.2166,17.1947,22.0163,1.08573,0,-3.9,0,-0.798948,0.600819,-0.0264426
1.45503,22.11,28.6474,0.109932,0,-3.5,0,0.884335,0.459376,-0.0832165
5.22756,15.7977,37.2248,-0.129594,0,3.8,0,0.838223,0.505246,0.205206
21.1912,-10.3282,37.0925,0.030699,0,-3.5,0,0.0108674,-0.998864,0.0463913
-6.11513,-1.4145,7.53609,-0.114701,-0.144892,-1.60871,0,-0.189746,-0.853925,-0.48457
-4.47681,-7.41375,1.08325,-1.97738,-0.349341,-3.5,0,-0.249201,-0.279188,-0.927336
8.54981,22.5774,18.9923,1.16453,0.818271,-3.5,0,-0.0877729,0.869279,0.486467
16.2353,-9.25694,19.5309,0.254831,0,4.2,1,-0.616466,-0.249051,-0.746956
-22.8669,3.05022,22.9666,0.029202,0,0.337354,0,-0.786106,0.453689,-0.419766
6.25906,7.622,22.7582,0.957273,0,-3.9,0,0.888627,-0.253706,-0.382066
-30.8947,15.0839,35.6431,0.184331,-0.0802334,-2.01667,0,-0.910567,0.0125528,0.413171
-24.1941,8.07684,28.9383,0.753334,0,-1.6,0,-0.945827,0.290657,0.144674
11.011,17.9373,27.23,-0.510116,-0.361549,-3.60444,0,0.392248,0.919856,-0.0025382
17.0176,16.8253,28.4405,-0.163414,0,-3.5,0,0.685123,-0.39613,-0.611299
29.401,-4.37962,7.40837,0.0705909,0,1.8,0,0.0723145,-0.191684,-0.978789
-6.84628,19.1902,6.33994,0.692786,0,4.11795,0,-0.566178,0.823541,-0.0349556
-1.205,5.338,30.303,1.35023,0,-3.9,0,-0.228201,-0.810527,0.539416
-3.78875,24.5499,1.63775,10.8232,0,-0.8,0,-0.448702,0.327205,-0.831627
10.788,-0.46025,28.9416,0.42583,0.032896,3.8,0,0.347582,0.927725,-0.136061
-12.9624,20.5122,20.0999,0.41488,0,-3.58239,0,-0.761966,0.598662,-0.247007
-26.0396,18.2175,27.1985,0.0203815,0,-3.5,0,-0.15539,0.0535445,-0.986401
-1.30716,-5.03059,1.60384,0.186265,0,-3.5,0,0.223644,-0.69397,-0.68439
9.64703,7.73697,15.1487,0.888183,0.00345876,-4.5,0,0.792823,0.578144,-0.192827
-7.14194,0.687219,4.07734,0.0281703,0,-1.0759,0,-0.219729,-0.911548,-0.347563
15.7547,16.6136,38.2938,-0.0428559,0,-3.9,0,-0.79495,0.45902,0.396679
3.10588,-0.792938,35.5955,0.214899,0,2.4488,0,-0.864737,-0.237254,-0.442652
6.18056,-10.5563,42.8932,0.481993,0,-3.9,0,0.605414,-0.675962,0.420176
11.0424,15.6777,24.7033,0.0457368,-0.310861,-0.7,0,0.48904,0.829366,0.270169
-28.983,14.817,38.9025,0.184594,0,-0.4,0,-0.406892,-0.866536,-0.289057
11.6536,8.692,20.3007,-0.123682,-0.0865628,-0.8,0,-0.168679,-0.976027,-0.137546
1.4105,-3.73175,39.6833,0.32106,0,-2.16462,0,-0.926087,0.353276,-0.132508
-2.63953,-2.59006,11.1315,0.191037,-0.65309,-0.7,0,0.348112,-0.711911,0.609918
32.7217,3.60331,22.8201,-0.185261,0,-3.5,0,0.925739,0.330259,-0.184218
-15.314,-1.72775,15.0436,-2.29205,-0.180525,-3.5,0,0.144439,-0.255225,-0.956032
-10.2429,2.47556,32.2612,0.0784467,0,-1.3,0,-0.254474,-0.318557,0.913107
-23.7793,15.8521,25.59,0.0992735,0,-0.577629,0,-0.721326,0.556982,-0.411655
11.8915,-10.834,41.46,-0.217785,0,2.78804,0,-0.505981,-0.790352,0.345437
-3.08975,-3.11075,52.799,-0.287039,0,-0.9,1,-0.798042,0.324199,0.50796
-29.2186,20.0979,28.4584,-2.50152,-0.00500009,-3.5,0,-0.0541454,0.994424,-0.0904976
17.9155,-10.8702,23.7048,0.0696955,0,4.2,0,-0.510468,-0.857402,-0.0654594
18.6371,-1.09225,20.8587,-0.453861,-0.221528,-3.2,0,-0.620478,0.545263,-0.563645
14.505,-13.7542,44.099,0.363827,0,-1.75917,0,-0.0478569,-0.763638,-0.643869
-5.33353,-4.50581,47.9048,0.185033,0,-0.4,0,-0.926098,-0.37504,0.0410907
-2.44947,17.5254,31.7969,-0.221261,0,-0.7,0,-0.176862,0.9315,-0.317849
5.3895,21.8107,14.9073,-1.08484,-0.797803,-0.7,0,0.451813,0.891927,0.0181919
-19.2695,3.9525,40.1311,0.186592,0,-0.7,1,0.225447,-0.968692,-0.103969
23.0388,2.86291,33.1624,0.17702,0,2.8,0,0.737742,0.578917,0.347264
17.9451,2.98834,40.3073,0.0305665,-0.0529974,3.8137,0,0.955473,-0.291125,0.0481526
25.0783,-8.574,35.954,0.353972,0,-3.5,0,0.872256,-0.218364,-0.437592
-7.20141,18.0654,4.91728,0.766992,0,-4.5,0,-0.273913,0.615892,-0.73868
32.5669,0.565437,26.4278,0.0957026,0,-3.5,0,0.941869,0.324779,0.0860319
-16.0425,1.89097,7.86394,0.38513,0,1.60908,0,0.800176,-0.599724,-0.00706379
-8.994,21.424,20.74,0.114411,-0.244681,-1.07194,0,-0.561212,0.674827,0.479218
-10.9858,16.9388,24.7305,0.380207,0,-1.71361,0,-0.47104,-0.195777,0.860112
28.9875,-1.02025,29.6213,0.333851,0,3.8,0,0.684444,-0.207315,0.698968
13.1665,4.36263,56.0715,0.0524569,0,-1.6,0,0.968218,0.0916293,-0.23272
-10.9233,13.7726,25.8997,0.345125,0,3.8,0,-0.109745,0.754552,0.646999
-18.5788,2.1425,27.8115,0.0294725,0,-0.4,0,-0.239387,-0.599918,0.763409
16.574,-9.31325,25.178,0.29787,0,-0.4,0,-0.639262,-0.207023,-0.740598
14.2712,10.735,21.5156,-0.226038,0,-0.8,0,0.853015,-0.282949,0.438525
-32.7211,12.7248,33.1592,2.82758,0.223167,-3.9,0,-0.993485,-0.0241654,0.111372
24.242,0.762,35.888,-0.15475,-0,-3.5,0,0.988868,0.0793465,-0.125877
14.0201,13.2178,56.3089,1.24365,0,-0.8,0,-0.255331,0.803961,0.537078
2.14869,0.42225,41.0179,0.189023,0,-1.6,0,-0.260165,0.916605,-0.303561
17.9732,16.7411,40.6964,2.58378,0.288862,-3.9,0,-0.22883,0.544928,0.806654
9.292,-10.1857,37.4374,-0.704874,0,4.2,0,-0.475439,-0.863528,-0.168159
-3.62344,1.70006,19.9592,-0.0279739,0.840899,-3.5,0,0.96442,-0.261712,0.037432
-6.88103,17.7065,15.2717,0.0934305,-0.238401,-2.97399,0,0.445598,0.618781,-0.646957
-4.28994,-3.40812,12.7464,-0.256716,-0.00687972,-3.87311,0,0.491373,-0.870324,-0.0329831
-11.3343,2.57672,26.5332,-0.0631502,0,-1.3,0,-0.506783,-0.859582,-0.0654968
21.1566,1.47622,38.2765,-0.327249,0,-3.5,0,0.0170556,0.636336,0.771223
6.94931,12.3649,47.1026,-0.662432,-0.633172,3.26003,0,0.248293,-0.222938,0.942682
14.389,13.211,37.433,-1.0856,-0.875529,-3.5,0,-0.867278,0.42206,0.263998
6.48825,-7.93356,52.2359,-1.21634,0,-1.6,0,0.188772,-0.816429,0.545719
-1.42663,5.31,35.9255,0.561795,0,-4.5,0,-0.296922,-0.489345,-0.819987
-10.223,6.845,30.035,0.230033,0,-1.3,0,0.0172934,0.990487,0.136518
-11.0839,12.1361,28.3089,0.63162,0.593428,-0.7,0,0.222738,0.577938,0.785096
33.2352,0.3135,24.2881,0.137528,0,-3.59293,0,0.797834,0.101804,0.59422
-11.6819,11.9125,5.00913,-0.2354,-0.0669577,-4.5,0,-0.966477,-0.0238552,-0.255642
17.0383,-7.30587,24.4941,-0.121751,0,-4.1339,1,-0.721812,-0.538813,-0.434359
-0.668375,-0.676938,-0.147938,-0.26576,0,-0.9,0,-0.254938,-0.428006,-0.867074
12.8105,-5.39294,54.6072,-0.747544,-0.0272137,-3.5,0,0.522809,-0.0143926,0.852328
-0.201094,4.41656,17.7157,0.232657,-0.0913428,-0.164767,0,0.85091,-0.519944,-0.0749028
15.8215,-1.63225,25.231,-0.269764,0,-2.67945,1,-0.234633,0.596579,-0.76749
-8.32638,11.2914,-2.68066,-0.0892512,0,-3.5,0,-0.393508,0.455683,-0.798438
18.2415,13.6256,32.4505,0.16562,0,-0.332487,0,0.967152,0.158716,-0.198559
-4.28141,12.3144,35.5933,0.141707,0,-0.8,0,-0.503286,-0.797506,-0.332696
-15.1571,1.71537,9.4925,0.166615,0,1.9,0,0.661519,-0.708677,-0.245296
0.2695,1.77725,-1.99662,-0.365797,0,-0.9,0,0.429635,-0.572702,-0.698159
-15.7133,17.9928,26.3829,0.458328,0,2.8,0,0.307371,0.95158,-0.00418896
28.7292,-5.1715,28.3723,0.249053,0.291935,-1.57681,0,0.848349,-0.52219,-0.0873055
10.4799,6.37616,27.0199,-1.24594,-0.734084,-3.5,0,0.0775053,-0.181947,-0.980249
15.0135,16.846,33.9295,0.40853,0.4387,-3.9,0,-0.265032,0.934619,0.237162
-2.79819,5.03053,43.0245,0.55239,0,-4.5,1,-0.353402,-0.667681,0.655216
-19.1497,3.5715,35.0729,0.570861,0,4.2,0,0.530644,-0.18097,0.82805
-8.40413,7.04272,25.2067,0.148665,0,3.8,0,0.122502,0.711446,0.691981
-9.22469,-5.12687,10.7696,3.17576,0,-3.9,0,0.111419,-0.764804,-0.634556
32.1356,4.53878,28.9688,0.241915,0,-3.9,0,0.488681,0.830675,-0.266777
-32.0143,16.7367,41.1356,-0.146737,0,-3.14387,0,-0.875132,-0.319916,0.36304
0.0071875,1.42606,13.0864,0.338526,0,-1.6,0,0.465953,-0.627151,0.624155
-20.15,3.35969,36.0749,0.384096,0,-0.8,0,0.685338,-0.586289,0.431945
1.84919,5.72388,43.8424,0.264045,0,0.278492,0,0.385776,-0.73851,-0.552974
1.4145,-5.05863,56.5095,0.198218,0,-1.24302,0,-0.015008,-0.229602,0.973169
-19.5068,1.64163,3.02075,-1.90347,-0.550741,-3.5,0,-0.595813,0.185765,-0.781344
14.9822,6.03081,52.6749,0.405591,0,4.2,0,0.844348,-0.393082,0.364093
4.12712,17.9007,46.4829,-0.0399041,0,-1.6,0,-0.0210052,0.912562,0.408398
-18.4408,19.0317,30.4425,0.459929,0,-3.9,0,0.723488,0.690326,-0.003757
-11.4079,-0.86525,15.8086,-0.523232,0,-3.5,0,-0.66549,-0.537737,-0.517651
12.3869,9.59562,9.26325,2.96526,0.300518,-3.9,0,0.882778,-0.191875,-0.428821
4.45925,1.03537,44.618,-0.185927,0,-1.6,0,-0.659198,0.515754,-0.547225
3.25022,-8.95387,36.3493,0.548101,0,-3.5,0,-0.750649,-0.544861,-0.373702
-5.23675,15.7225,36.4437,-0.451108,0,-0.8,0,-0.851162,0.426829,-0.305514
8.53594,12.4667,46.1908,-0.428213,0,3.8,0,0.451328,-0.158098,0.878241
-20.6532,14.3434,35.1333,-0.12464,0,-3.9,0,0.802457,0.0188383,0.596413
21.0582,-1.235,42.8886,1.20989,0.453709,-2.63334,0,0.598797,0.789051,-0.137257
17.1068,0.258438,51.7518,-0.21782,0,-4.5,0,0.55374,-0.16186,0.816807
25.5624,4.63769,21.7581,1.51431,0,-3.9,0,-0.479676,0.492837,-0.725963
7.73647,-10.0127,50.6131,0.374913,0,-1.6,0,-0.396765,-0.701668,0.59181
-25.722,20.689,27.443,0.185397,0,-3.9,0,-0.951025,0.290667,-0.105183
3.13781,3.87175,51.8748,0.02157,0,4.5,0,-0.498635,0.861844,0.0926667
10.504,12.649,9.08172,0.663424,0,-3.9,0,0.577735,0.80838,-0.112885
-4.31719,15.2673,34.99,0.142331,0,-0.8,0,-0.751226,0.142107,-0.644566
-20.2944,4.76762,12.4486,0.152899,0,1.9,0,-0.534406,-0.755218,0.379547
-5.37028,20.3238,3.74353,0.249396,-0.391138,4.2,0,-0.86505,0.296434,-0.404742
10.2386,13.109,15.3271,-0.420447,0,-3.5,0,0.631396,-0.396564,-0.66639
14.1106,15.3823,35.63,-0.859991,0,-3.9,0,-0.188921,0.411493,0.891618
8.88513,13.4501,10.0056,0.0695243,0,-3.9,0,0.546028,0.817324,0.18394
-0.477,5.42878,39.465,0.588053,0,-4.5,0,0.358784,-0.817318,0.450849
20.2568,-12.7771,29.8393,0.0865839,0,-0.8,0,0.852754,-0.341654,0.395073
0.280406,2.2905,44.6828,0.426361,0,3.8,0,-0.24363,0.364997,-0.898567
4.05278,6.38981,10.3922,0.386436,0,3.8,0,0.102187,-0.746745,0.657213
7.42956,8.69856,24.0827,0.527099,0,-3.9,0,0.641139,-0.253284,-0.724423
4.86212,21.2901,16.9053,-0.698946,-0.111555,-2.21646,0,-0.489336,0.328846,0.807719
-8.21587,-5.462,12.2199,2.96346,0.233847,-3.9,0,0.551382,-0.833529,0.0347417
-9.04956,10.5535,27.0624,0.0913319,0,3.8,0,0.437133,-0.805286,0.400537
1.97031,5.609,31.694,0.671543,0,-3.9,0,-0.904854,-0.42211,0.0553306
5.106,4.9255,51.3143,0.0227205,0,4.5,0,-0.627413,0.778217,-0.0270321
5.47981,5.22213,14.1692,1.23822,0.173374,-4.5,0,-0.922237,-0.363804,-0.130867
7.65367,6.36695,19.6548,0.939791,0,-4.5,0,0.517507,-0.311868,0.796822
29.7854,0.0824063,30.5498,0.414998,0,-3.9,0,0.431058,-0.821377,0.373535
-24.2487,4.89225,39.5918,-0.147941,-0.00312592,1.67488,0,-0.613696,0.115436,-0.781058
6.32863,15.653,40.6386,-0.191356,0,-1.57541,0,0.760432,0.0588253,-0.646748
-1.78325,5.02413,40.3787,0.678651,0,-4.5,0,0.719553,-0.686976,0.101526
7.0675,0.615656,59.6181,0.363404,0,-3.9,0,-0.0905759,-0.37365,0.923137
-0.411469,5.14831,13.6485,0.375913,0,-1.6,0,0.524492,0.841235,0.131274
12.5374,6.41891,45.0714,0.573911,-0.394349,2.03365,0,0.663854,0.550198,0.506537
-18.4654,-4.38153,20.1867,0.357841,0,-3.9,0,-0.82336,-0.520986,0.225061
-31.7771,15.1668,39.7699,0.113742,0,-0.4,0,-0.623273,-0.77783,0.0806907
-4.50434,8.71887,40.1675,0.662369,0,-4.5,0,-0.639176,0.766519,-0.062472
24.4626,-5.487,34.1521,-0.976813,-0.641974,-3.5,0,0.97426,0.132108,0.18266
-2.34488,5.53237,-1.4445,0.249299,0,-0.205735,0,0.113032,0.485575,-0.866856
-12.464,1.124,34.458,0.221241,0,-4.5,0,0.938991,-0.202577,0.277953
-22.3267,7.00097,45.2188,0.182089,0,1.9,1,0.397048,-0.673267,0.623751
-8.09406,8.70844,24.8066,-0.86768,-0.204903,3.8,0,-0.226779,-0.157735,0.961088
31.471,-2.5945,16.056,0.256036,0,-2.1291,0,0.865074,-0.219736,0.450958
7.12516,-14.9511,32.1534,1.22113,0,-3.9,0,-0.788539,-0.608296,-0.0904496
30.4245,2.55137,34.1362,2.85637,0.559675,-3.9,0,-0.0770847,0.226016,0.971069
0.90875,11.1324,5.77575,0.305078,0,-1.20466,0,0.709425,0.674426,-0.204613
-18.9937,6.83078,5.7875,-0.123042,-0.0172558,-2.72496,0,-0.341078,0.801592,-0.491036
-3.49962,13.4222,38.8893,0.241503,-0.175653,-0.8,0,-0.395161,-0.445646,0.803273
18.6751,11.0241,37.9904,-0.241919,0,-3.5,0,0.908274,0.356391,0.219143
20.19,-9.295,33.362,-0.0257404,0,4.2,0,0.716984,-0.565265,0.407933
-21.8232,12.7097,17.9814,0.0260786,0,-3.5,0,-0.268803,0.923666,0.273106
12.9928,0.868563,58.1659,0.411694,0,-1.6,0,0.383478,-0.67172,0.633827
3.58262,2.672,56.2262,-0.165893,-0.21486,2.18562,0,-0.848736,0.376614,0.371225
-0.154188,-2.77569,57.2737,-0.0149148,0,-0.9,0,-0.164307,0.0153823,0.986289
-15.6696,14.2618,14.9319,1.15866,0,-3.72765,0,0.151542,0.985904,0.0709053
-5.04206,-3.06013,16.3429,0.38513,0.047663,-3.5,0,0.0436858,-0.936764,0.347223
-21.9795,6.53616,22.1659,0.0289854,0,4.2,0,-0.829708,-0.420539,-0.367058
30.0918,4.51078,29.6524,0.388994,0,-3.9,0,-0.4225,0.886639,0.188059
-12.4515,-3.2325,16.2405,-0.454729,0,-3.5,0,-0.732776,0.0696741,-0.676893
-6.85478,13.58,-1.65216,0.630651,0,-2.52703,0,-0.406902,0.202116,-0.890831
-18.6764,20.0889,33.6253,1.99357,0,-3.9,0,0.706551,0.690846,-0.153356
21.306,-8.953,34.846,-0.746368,0,-3.5,0,-0.26098,-0.85564,-0.446956
-5.85175,17.4508,1.4545,0.402977,0,-1.6,0,-0.634912,0.66485,0.393523
-28.9195,15.745,38.0215,0.266268,0,-0.4,0,-0.35929,-0.911835,-0.198664
-26.4691,17.5397,46.4878,0.362366,0,-1.6,0,0.0538472,-0.309321,0.949432
-4.14825,3.07188,29.5597,0.756013,0,-0.4,0,0.603541,0.0356157,0.796536
-21.172,1.30663,34.3247,0.260056,0,4.2,1,-0.386642,-0.543539,0.745032
8.93466,10.4302,48.407,0.253289,0,-3.5,0,-0.105814,0.880142,0.462768
19.5083,-11.6439,31.4286,0.262749,0,4.2,0,0.884378,-0.323126,0.336847
12.7639,5.90328,57.8255,0.471936,0,-1.6,0,0.781948,0.464746,0.415414
-0.973312,-7.68837,42.123,-0.149602,-0.103486,-0.7,0,-0.354349,-0.460972,-0.813597
2.015,17.6746,16.0541,-0.299639,0,0.0683031,0,-0.427517,0.661886,0.615741
9.69188,-1.40825,21.6604,-0.202131,0,-1.3,1,0.164128,-0.0981675,-0.981542
19.2575,9.8065,39.847,0.202394,0.0777394,-3.5,0,0.373675,0.716859,0.588626
-23.6425,8.45131,16.244,-0.126724,0,-3.5,0,-0.538019,-0.484443,-0.689819
23.7315,-0.450969,20.8765,1.30873,0.972008,-3.2,0,-0.281972,0.916953,0.282292
-4.97888,1.87606,1.14394,-0.151845,0,-1.6,0,-0.14835,-0.951621,-0.269091
-23.0006,21.5201,31.9207,0.505463,0,-3.5,0,-0.0116348,0.967196,-0.253764
-23.9902,2.43187,27.6962,-0.152527,-0.423765,-0.8,1,-0.371804,-0.850613,0.37178
-5.98156,13.773,30.7152,1.42464,0.540157,-4.5,0,-0.805701,-0.286941,0.51818
10.2672,16.7274,34.1704,-1.50894,-0.67634,-3.5,0,-0.488899,0.84411,0.220126
17.1275,-9.66775,23.3932,0.223024,0,4.2,0,-0.902866,0.0479248,0.427243
-4.26447,25.9783,22.8724,1.25722,0,-3.9,0,-0.25671,0.753756,0.604939
-3.94844,7.90837,-1.65828,-0.638375,-0.743111,-3.5,0,-0.121812,-0.469357,-0.874566
-1.76206,7.05075,45.5124,0.535818,0.240644,-3.5,1,-0.942277,-0.229326,0.243975
8.65938,8.75813,19.6588,0.149534,0,-4.5,0,0.479836,-0.755891,0.445405
-25.2253,15.9144,45.3056,0.360359,0,-1.6,1,0.360068,-0.377236,0.853255
3.75,4.2195,2.5675,-0.145959,0,1.42028,1,0.884666,-0.182571,-0.428991
-9.52444,15.4678,26.6149,0.251597,0,3.8,0,-0.68407,0.140228,0.71581
-16.4764,1.67638,14.0212,-0.284367,0,-3.5,0,-0.764901,-0.614079,-0.19451
-23.2035,8.20275,20.7957,-0.114311,-0.0129147,-3.5,0,-0.7683,-0.640058,-0.00638993
-19.1464,0.69425,26.8391,0.0153232,0,-0.4,0,0.257802,-0.692096,0.674197
1.99088,21.0865,40.7848,0.130215,0,-3.5,0,0.719969,0.558547,-0.41191
-24.2062,16.3032,39.7627,0.471594,0,2.5,0,-0.396797,0.89164,-0.218013
13.284,14.4235,25.5735,-0.40954,0,-0.7,0,0.394638,0.693687,0.602544
-4.59294,19.8699,22.5274,-0.480034,0,4.5,0,0.901171,-0.0957351,-0.42276
-25.3162,16.1297,37.7668,0.207125,0,1.92666,0,0.29999,0.787761,0.537995
11.0554,7.89745,26.4025,0.358068,0,-4.5,0,-0.0267465,-0.713541,-0.700102
-20.3815,1.2675,30.074,0.0428844,0,4.2,0,0.251205,-0.479966,-0.840552
-1.8605,17.0405,6.426,0.146609,-0.126541,1.02222,0,0.794974,-0.29522,-0.529964
-21.4685,7.341,19.5005,-0.627911,-0.622896,-2.52983,0,-0.535458,-0.8445,0.0101742
-15.6074,1.74725,25.8101,0.289549,-0.0858334,-0.4,0,0.584332,-0.238473,0.775685
19.2295,5.277,31.5753,0.288514,0,3.0175,0,0.162931,0.559468,-0.81268
-0.209156,12.2908,43.7816,-1.1502,0,-3.5,0,-0.852107,-0.057998,0.520145
24.7889,-5.332,24.261,0.246167,0,1.02544,0,0.491462,-0.855733,-0.16182
-25.5629,11.8507,33.6935,0.492984,0,4.2,0,-0.736608,-0.675958,-0.0221412
-17.6355,17.3252,23.4712,0.0769948,-0.188137,1.90793,0,0.345144,0.908709,-0.234785
25.6555,-7.01788,28.4399,0.235371,0,3.8,0,0.0639865,-0.95624,-0.285501
2.54675,18.5723,23.245,-0.449662,0,4.2,0,0.633754,0.76171,0.134733
-24.8102,6.64725,27.4364,0.378749,0,-0.8,0,-0.65002,0.715734,-0.25534
0.108,14.5755,1.3325,0.103054,0,-0.837237,0,0.957004,0.0226159,-0.289191
-1.055,20.994,0.44275,0.0163849,0,-0.8,0,0.266602,0.787502,-0.555666
-3.78475,18.36,22.8394,-1.33388,0,-2.73803,0,0.512263,0.606913,-0.607654
-6.8925,4.0555,-0.426,0.481492,0,-1.6,0,-0.85986,-0.174568,-0.479758
4.05963,5.634,39.5233,0.176826,0,-3.35115,0,-0.0959762,-0.653863,0.750501
-27.985,10.1965,43.8595,0.110318,0,1.8,0,-0.692609,-0.516497,-0.503512
-12.393,14.9496,25.8928,0.378156,0,2.8,0,0.661306,0.510534,0.549571
14.0803,12.851,29.0252,-0.226228,0.0287909,-3.86897,0,0.494572,0.413299,-0.76458
-25.5079,19.936,29.0397,0.138784,0,-3.86792,0,-0.580903,0.762602,0.284587
1.37309,2.02908,11.8016,0.420596,0,-1.6,0,0.781334,-0.542693,0.308225
22.0178,6.38281,34.9262,2.92875,0,-3.9,0,0.408678,0.811315,-0.418032
0.639,19.7865,12.807,-0.134378,0,-0.7,0,-0.638843,0.622494,-0.452085
26.8905,1.7615,20.614,-0.0756246,0,-3.89744,0,-0.185858,0.619291,-0.762847
-2.83375,8.12975,42.2998,0.358079,0.0905702,-4.5,0,-0.459612,0.782123,0.420762
-1.57656,18.0511,20.5544,-0.789328,0,-0.26803,0,-0.0373696,0.985029,0.168287
1.66844,20.8912,32.1176,-0.469003,-0.764332,-3.5,0,0.387507,0.25823,0.884961
-19.2939,13.0162,19.112,-0.398652,-0.00274645,-3.5,0,-0.446752,0.893476,0.0459736
20.5913,2.10954,15.062,0.0910799,0,3.8,0,0.448105,0.568469,-0.689961
-5.78706,-3.48168,12.0471,0.0853955,0,-3.9,0,0.174695,-0.955619,-0.237223
13.3855,4.54107,28.1819,-0.00654296,0,3.8,0,0.0213934,-0.0817174,-0.996426
-25.2338,20.35,31.375,0.55139,0,-3.7696,0,-0.67646,0.619396,-0.398435
10.2237,9.13878,19.3975,0.121591,0,-0.8,0,0.0366329,-0.658606,-0.751596
9.757,9.656,21.7575,0.22623,-0.045099,-0.8,0,-0.760132,-0.638256,0.121774
13.7789,-3.65318,18.4732,0.634368,0,-4.5,0,-0.0949912,0.879,-0.467264
3.36476,7.87056,16.6196,-0.521726,-0.376383,-4.5,0,-0.475687,-0.554285,-0.683001
12.7302,11.678,53.9772,1.25384,0,-0.8,0,-0.691063,0.598234,-0.405646
4.17296,8.50921,12.9821,0.647993,0,-3.5,0,-0.818749,-0.566667,0.092408
0.89102,-6.34093,40.1909,0.306716,0,-3.9,0,-0.904566,0.31814,-0.283809
17.1357,-3.8925,20.0644,0.524407,0,-4.5,0,0.40361,0.501443,-0.765281
13.0728,-10.98,29.711,-0.122352,0,-0.4,0,-0.503447,-0.452269,-0.736203
-21.2728,8.1441,8.5403,0.397897,0.172347,-0.4,0,-0.233876,0.864458,-0.444988
9.50975,18.9105,26.7495,0.0478183,0,-3.9,0,0.618646,0.570899,0.539769
-9.41775,1.03275,31.296,0.270813,0,-1.3,0,-0.129296,-0.974855,0.181494
12.5205,19.5236,15.0047,-0.056361,0,-3.5,0,-0.00302904,0.624395,-0.781103
-3.99339,0.382531,25.6588,1.38292,0.537634,1.8,0,-0.129311,-0.961018,0.244384
-12.4245,3.657,27.502,0.546886,-0.00339987,-1.3,0,-0.49241,-0.846144,-0.203892
14.5552,-10.3268,53.1764,0.151585,0,-3.5,0,0.689444,-0.662783,0.29221
21.7948,1.98102,16.2312,0.0470741,0,3.8,0,0.683042,0.617237,-0.390476
25.222,2.1005,33.558,0.0452355,-0.760688,-0.7,0,-0.0321424,0.868948,0.493859
-9.85456,0.732313,22.5759,0.936022,0.835197,3.8,0,0.506764,-0.169046,0.845348
-2.48,-2.1195,0.82275,-1.15057,-0.113339,-3.5,0,-0.669373,0.0751003,-0.739121
-2.26292,-5.89392,54.3331,-0.473568,0,-0.9,1,-0.683809,-0.395157,0.613398
0.952169,15.2611,44.6899,-0.72265,-0.162216,-3.5,0,-0.710709,0.013168,0.703363
-19.7186,10.6755,42.7477,-0.438408,0,1.9,0,0.925911,0.0636489,-0.372341
12.9621,5.55831,28.1244,-0.339366,0,3.8,0,0.339883,-0.151139,-0.928244
21.8535,-1.63706,14.3231,0.29825,-0.747013,-0.23641,0,0.0629832,0.725129,-0.685726
1.98713,10.523,3.838,0.0827831,0,4.5,0,0.964854,0.217823,0.147002
24.606,4.4136,25.5423,0.880299,0.0569297,-3.9,0,-0.621815,0.765565,0.165094
21.0772,-2.021,13.6595,-0.143077,-0.253743,-0.7,0,0.226949,0.814483,-0.533958
-19.934,9.702,42.851,-0.135184,0,1.9,0,0.942317,-0.283392,-0.178122
