1,0.81832,0.47622,0.39274,0.28223,0.18076,0.55553,0.40584,0.40009,0.20249,0.70265,0.56148,0.64505,0.48398,0.50361,0.37695,0.73762,0.69143,0.78293,0.69865,0.17061,0.074663,0.31468,0.19054,0.24961,0.18168,0.20557,0.12409,0.65557,0.59545,0.28222,0.19305,0.59729,0.5106,0.16093,0.12032,0.46319,0.33161,0.40385,0.38524,0.41378,0.3249,0.53243,0.50157,0.5169,0.52654,0.61396,0.60807,0.56438,0.54411,0.59738,0.53251,0.54465,0.40509,0.63933,0.60287,0.84165,0.77692,0.72671,0.64313,0.68891,0.3985,0.64807,0.53764,0.26906,0.24093,0.45876,0.37933,0.678,0.63323,0.28516,0.23348,0.29537,0.31966,0.26761,0.23787,0.39675,0.35576,0.62287,0.61222,0.72074,0.63821,0.60732,0.51054,0.60463,0.5058,0.28942,0.24464,0.61482,0.57586,0.15864,0.18705,0.035701,0.13261,0.29184,0.2209,0.3988,0.41516,0.50098,0.51121,0.26897,0.36216,0.47617,0.57095,0.25249,0.36653,0.061254,0.12834,0.040042,0.28082,0.31628,0.29647,0.30999,0.34618,0.12699,-0.11772
0.81832,1,0.30756,0.34363,0.17491,0.14898,0.33631,0.33794,0.24697,0.14715,0.50538,0.51811,0.41572,0.42649,0.34489,0.33229,0.77115,0.81088,0.67619,0.75968,0.17963,0.1044,0.21478,0.16261,0.23204,0.18811,0.18057,0.11862,0.62161,0.64008,0.2556,0.18514,0.54981,0.52314,0.10644,0.10712,0.43984,0.3624,0.36909,0.40877,0.41242,0.35932,0.51758,0.51665,0.56184,0.60056,0.62867,0.63829,0.61669,0.60275,0.57611,0.56689,0.53121,0.44291,0.6153,0.63628,0.86769,0.8948,0.6022,0.61751,0.48218,0.31984,0.56692,0.55647,0.14291,0.15738,0.38088,0.3584,0.73808,0.72635,0.17968,0.16459,0.21296,0.30991,0.21009,0.2267,0.32631,0.34788,0.65156,0.67785,0.74383,0.71093,0.57807,0.56354,0.4842,0.49828,0.26979,0.25823,0.45026,0.54468,0.064301,0.023223,-0.055353,-0.034453,0.25278,0.22139,0.3849,0.35533,0.48662,0.3717,0.20284,0.17386,0.4834,0.47211,0.19485,0.27579,-0.021904,0.032149,0.0086732,0.24976,0.26064,0.26878,0.28481,0.3379,0.065884,-0.1525
0.47622,0.30756,1,0.61768,0.4691,0.12323,0.74107,0.35818,0.50068,0.17105,0.37916,0.17184,0.53777,0.24637,0.60262,0.38384,0.28862,0.24666,0.50041,0.28971,0.32513,0.060309,0.76295,0.54771,0.57181,0.47432,0.3845,0.21045,0.27303,0.19828,0.52989,0.44586,0.56251,0.39605,0.57269,0.36837,0.47288,0.32793,0.4481,0.33396,0.26613,0.17722,0.42006,0.33928,0.36112,0.26098,0.36955,0.36675,0.25699,0.24362,0.40087,0.31042,0.33733,0.29207,0.40654,0.36414,0.34586,0.32676,0.43287,0.29287,0.53774,0.27746,0.2987,0.17822,0.73244,0.51654,0.68315,0.48263,0.36527,0.30909,0.41015,0.3115,0.23424,0.21552,0.22711,0.14234,0.38637,0.27963,0.33022,0.34241,0.33968,0.37167,0.43427,0.32925,0.67185,0.50604,0.39015,0.38578,0.57713,0.45137,0.33893,0.56971,0.33494,0.60736,0.31502,0.23783,0.36326,0.33239,0.27566,0.41034,0.15208,0.42577,0.21722,0.32095,0.41089,0.5515,0.18215,0.24127,0.13503,0.29849,0.34863,0.20362,0.20854,0.23299,0.27252,0.040659
0.39274,0.34363,0.61768,1,0.36546,0.36922,0.60424,0.7345,0.38276,0.45662,0.28017,0.42493,0.32837,0.45655,0.32665,0.48513,0.30444,0.27401,0.39812,0.38469,0.23867,0.047816,0.53754,0.66418,0.32789,0.44443,0.1779,0.12278,0.30767,0.34332,0.47207,0.57881,0.54175,0.58948,0.47838,0.43495,0.34999,0.28677,0.36945,0.31242,0.20543,0.15881,0.42203,0.35635,0.36956,0.31793,0.38004,0.38355,0.2752,0.2734,0.38947,0.35738,0.33867,0.29417,0.37978,0.36138,0.31709,0.32615,0.42378,0.43179,0.50839,0.61103,0.31582,0.38775,0.52746,0.73404,0.62371,0.65346,0.31347,0.30122,0.35254,0.37185,0.23097,0.28647,0.21123,0.20574,0.3698,0.38641,0.35137,0.34749,0.36311,0.41643,0.33615,0.30237,0.47694,0.64284,0.24399,0.33282,0.42208,0.56315,0.56155,0.38936,0.57837,0.36329,0.29569,0.27082,0.36056,0.34335,0.38887,0.37619,0.39701,0.34547,0.3025,0.33453,0.52872,0.48059,0.22553,0.27053,0.13091,0.32304,0.37699,0.24021,0.23679,0.24971,0.28446,0.030964
0.28223,0.17491,0.4691,0.36546,1,0.31732,0.52827,0.39194,0.5515,0.35249,0.31694,0.25842,0.43427,0.30568,0.43318,0.32761,0.18646,0.16367,0.30714,0.19857,0.12219,0.014556,0.41602,0.28772,0.18469,0.14693,0.18359,0.044174,0.26418,0.23894,0.29564,0.2734,0.36054,0.30071,0.30384,0.19479,0.18644,0.10031,0.20143,0.094236,0.12296,0.059108,0.25044,0.21479,0.2388,0.19555,0.23195,0.22891,0.19767,0.19227,0.2549,0.20197,0.24201,0.21742,0.22925,0.19762,0.17513,0.1621,0.30356,0.23445,0.45991,0.38016,0.25409,0.22423,0.41567,0.33741,0.35635,0.27282,0.17809,0.15819,0.28743,0.2492,0.18135,0.1761,0.17914,0.12946,0.28032,0.21945,0.21174,0.23062,0.22392,0.21789,0.24642,0.15318,0.38937,0.29695,0.17726,0.14072,0.3909,0.31939,0.32822,0.41337,0.30605,0.38779,0.20435,0.15695,0.21841,0.19888,0.24672,0.31666,0.22391,0.34998,0.18802,0.24905,0.23822,0.29918,0.14776,0.18622,0.078542,0.18983,0.208,0.16831,0.20401,0.166,0.19486,0.022475
0.18076,0.14898,0.12323,0.36922,0.31732,1,0.28513,0.49788,0.29987,0.49723,0.20485,0.35954,0.22755,0.38284,0.15535,0.35437,0.15777,0.14023,0.16794,0.18385,0.034227,0.044771,0.13671,0.22968,-0.0027354,0.1286,0.025748,0.12614,0.22372,0.27326,0.17006,0.25971,0.23951,0.319,0.15901,0.18034,0.066623,0.049993,0.10376,0.073834,0.064637,0.04016,0.19293,0.17569,0.18333,0.18933,0.18851,0.18897,0.17819,0.1831,0.21125,0.2029,0.21159,0.18589,0.18696,0.16904,0.12167,0.11308,0.24073,0.26977,0.32651,0.47906,0.19856,0.2801,0.14565,0.34806,0.21427,0.28396,0.094468,0.1099,0.18716,0.22775,0.14804,0.18578,0.12081,0.15361,0.20795,0.23014,0.18518,0.173,0.19399,0.18946,0.12709,0.098741,0.16639,0.28344,0.024893,0.048822,0.21707,0.3065,0.35927,0.16767,0.34914,0.1243,0.1421,0.13175,0.17392,0.15693,0.25805,0.21989,0.32431,0.22294,0.20381,0.21018,0.25703,0.17226,0.16238,0.17285,0.053679,0.15815,0.16276,0.15125,0.18182,0.14567,0.16815,0.013039
0.55553,0.33631,0.74107,0.60424,0.52827,0.28513,1,0.68023,0.68481,0.38574,0.59789,0.46689,0.69181,0.45435,0.54674,0.36921,0.36896,0.3112,0.57286,0.39739,0.15867,0.016237,0.53318,0.34752,0.22386,0.20455,0.13349,0.028732,0.49117,0.41139,0.46935,0.40227,0.62815,0.54403,0.38742,0.27125,0.32995,0.18294,0.34758,0.22227,0.22011,0.12458,0.44198,0.37709,0.37581,0.32048,0.41328,0.40001,0.31593,0.30356,0.44688,0.34943,0.37786,0.29769,0.42047,0.34575,0.33827,0.30716,0.56974,0.4445,0.7708,0.56201,0.51121,0.44462,0.54197,0.50006,0.60531,0.49019,0.30418,0.28553,0.46974,0.4161,0.34875,0.32869,0.29153,0.23271,0.47287,0.38611,0.3785,0.3718,0.41437,0.35972,0.37677,0.22299,0.54207,0.44207,0.16974,0.11909,0.60257,0.47151,0.4964,0.57092,0.40457,0.52639,0.32193,0.24044,0.38828,0.34041,0.4698,0.56095,0.42711,0.61661,0.38191,0.49344,0.42618,0.52142,0.26008,0.33337,0.12108,0.31091,0.37136,0.30369,0.34016,0.27283,0.29516,0.012893
0.40584,0.33794,0.35818,0.7345,0.39194,0.49788,0.68023,1,0.51054,0.64137,0.43892,0.68372,0.42956,0.63294,0.2513,0.42808,0.33693,0.31567,0.41916,0.4389,0.062976,0.011075,0.26852,0.36945,-0.029003,0.11614,-0.074732,-0.069575,0.4774,0.53316,0.37393,0.46776,0.52852,0.65073,0.24443,0.27676,0.16983,0.12478,0.22109,0.16492,0.14543,0.08649,0.39397,0.36159,0.34969,0.34929,0.3785,0.37667,0.32348,0.32501,0.39945,0.38044,0.36389,0.30132,0.3515,0.31922,0.26197,0.26341,0.49101,0.53367,0.64276,0.83406,0.46069,0.60842,0.26879,0.59607,0.44375,0.54182,0.21993,0.24383,0.36386,0.43648,0.31186,0.37285,0.25762,0.27369,0.39138,0.43352,0.35266,0.3459,0.39188,0.36536,0.24612,0.1714,0.28882,0.48334,0.011709,0.025138,0.38919,0.52393,0.62586,0.33401,0.54275,0.23165,0.26308,0.23811,0.32403,0.30433,0.52023,0.46714,0.60741,0.45077,0.41893,0.44947,0.44956,0.38014,0.26929,0.32361,0.10101,0.28539,0.32824,0.30122,0.34605,0.26705,0.28057,0.0028959
0.40009,0.24697,0.50068,0.38276,0.5515,0.29987,0.68481,0.51054,1,0.52924,0.49532,0.38769,0.61808,0.40597,0.55517,0.37,0.24968,0.21276,0.37898,0.24916,0.077949,-0.015739,0.38961,0.23094,0.10912,0.064407,0.14908,0.033777,0.34762,0.29751,0.25259,0.21319,0.40331,0.33822,0.22973,0.11759,0.21995,0.11121,0.21618,0.10877,0.16508,0.085103,0.26529,0.23168,0.2294,0.20324,0.2728,0.26432,0.23411,0.23513,0.31177,0.24763,0.30359,0.24435,0.29366,0.24022,0.23337,0.21517,0.41521,0.32374,0.63782,0.50527,0.35927,0.32157,0.42138,0.35827,0.32309,0.22263,0.22365,0.20554,0.32694,0.2944,0.23148,0.21853,0.20875,0.16381,0.3191,0.25004,0.25622,0.26097,0.29615,0.24763,0.26705,0.1469,0.4206,0.31421,0.13382,0.060079,0.53639,0.40093,0.37921,0.47391,0.33664,0.45626,0.22241,0.17236,0.25081,0.20965,0.32009,0.39487,0.30392,0.46932,0.25407,0.3336,0.24988,0.31408,0.18308,0.22207,0.076333,0.19533,0.21606,0.19908,0.26287,0.18747,0.20996,0.0061596
0.20249,0.14715,0.17105,0.45662,0.35249,0.49723,0.38574,0.64137,0.52924,1,0.26699,0.44168,0.32661,0.46162,0.24681,0.4245,0.12787,0.11237,0.17951,0.16221,0.0034216,-0.040193,0.17673,0.29212,-0.048922,0.054213,0.029201,0.017163,0.18955,0.25672,0.099949,0.22758,0.20652,0.29901,0.13574,0.12028,0.073324,0.066837,0.099297,0.064926,0.052818,0.021133,0.15847,0.14109,0.12062,0.12767,0.15746,0.15995,0.13221,0.15372,0.19402,0.17948,0.20918,0.1715,0.16809,0.1448,0.10116,0.10497,0.24884,0.28455,0.43782,0.65427,0.18232,0.2865,0.23821,0.48207,0.16557,0.22155,0.10517,0.10856,0.18578,0.24252,0.12887,0.18305,0.11925,0.14517,0.19104,0.22153,0.1661,0.16875,0.18114,0.17963,0.09707,0.061674,0.20842,0.33055,0.017751,0.023213,0.31227,0.39661,0.45307,0.2575,0.47887,0.22896,0.16123,0.14123,0.16719,0.13648,0.24366,0.23695,0.36167,0.28586,0.16325,0.19248,0.24738,0.16041,0.18532,0.18105,0.054613,0.14749,0.14243,0.12585,0.19137,0.12107,0.16825,0.016579
0.70265,0.50538,0.37916,0.28017,0.31694,0.20485,0.59789,0.43892,0.49532,0.26699,1,0.66049,0.78263,0.58869,0.57064,0.39694,0.52962,0.48212,0.66853,0.5372,0.056471,0.019219,0.26215,0.10202,0.050878,-0.016136,0.094053,0.053517,0.6296,0.55509,0.20572,0.1196,0.46683,0.40749,0.041555,-0.0020462,0.25729,0.13884,0.23849,0.19117,0.31861,0.22058,0.34213,0.31986,0.27754,0.29659,0.39859,0.37924,0.33988,0.32701,0.40336,0.34586,0.40394,0.28716,0.44312,0.38658,0.47342,0.44087,0.5463,0.46699,0.68535,0.43488,0.66583,0.55167,0.19429,0.16348,0.26569,0.19802,0.3536,0.33343,0.31577,0.27757,0.33399,0.32816,0.26682,0.24376,0.34153,0.27138,0.42769,0.41234,0.521,0.42331,0.48383,0.33162,0.48183,0.34034,0.16044,0.084704,0.57928,0.44468,0.21663,0.2589,0.088404,0.18153,0.21636,0.14851,0.26867,0.24159,0.42435,0.47944,0.3306,0.45158,0.38999,0.48773,0.18764,0.27471,0.11318,0.16837,0.029809,0.21671,0.21034,0.21958,0.26748,0.22933,0.1422,-0.072451
0.56148,0.51811,0.17184,0.42493,0.25842,0.35954,0.46689,0.68372,0.38769,0.44168,0.66049,1,0.54748,0.78794,0.35102,0.49397,0.48611,0.49988,0.52449,0.60107,0.030872,0.039321,0.13247,0.17534,-0.088482,-0.042011,-0.050038,-0.017096,0.63063,0.70041,0.2198,0.23179,0.45747,0.54601,0.0036686,0.04868,0.15722,0.11066,0.17793,0.18209,0.26716,0.20448,0.34917,0.34664,0.30509,0.3543,0.40763,0.39579,0.37805,0.37324,0.42142,0.42066,0.42777,0.32942,0.42944,0.41244,0.394,0.40758,0.51472,0.56859,0.6078,0.67142,0.62401,0.74235,0.057832,0.27523,0.23275,0.30986,0.28496,0.30658,0.27438,0.32721,0.3225,0.39877,0.25688,0.30242,0.32106,0.36056,0.42088,0.41805,0.51097,0.46548,0.38869,0.32076,0.31413,0.44961,0.045115,0.047295,0.43701,0.54144,0.36278,0.13258,0.22708,0.01563,0.1919,0.16008,0.2429,0.23143,0.50118,0.42489,0.51532,0.35205,0.45409,0.4593,0.2628,0.2432,0.15299,0.19812,0.022252,0.22354,0.20041,0.23363,0.29547,0.24547,0.17818,-0.077387
0.64505,0.41572,0.53777,0.32837,0.43427,0.22755,0.69181,0.42956,0.61808,0.32661,0.78263,0.54748,1,0.6445,0.75932,0.531,0.4043,0.35708,0.60209,0.41205,0.14246,0.022117,0.4642,0.26013,0.22477,0.11848,0.23156,0.14189,0.50771,0.42966,0.2511,0.17353,0.4578,0.3446,0.20745,0.088339,0.33231,0.18453,0.31301,0.23577,0.31259,0.20909,0.37587,0.33462,0.29164,0.27282,0.3977,0.37856,0.3118,0.3085,0.41966,0.33898,0.40893,0.30702,0.46361,0.39028,0.39247,0.35934,0.51359,0.39619,0.70282,0.41727,0.53154,0.39575,0.4208,0.30611,0.3683,0.24606,0.33689,0.30516,0.36349,0.28557,0.28905,0.27128,0.25443,0.20874,0.35449,0.2613,0.38519,0.37905,0.45679,0.40911,0.51538,0.35455,0.62508,0.42766,0.26856,0.19997,0.69011,0.48151,0.27492,0.40582,0.20867,0.38337,0.25621,0.17441,0.29356,0.25579,0.35511,0.4586,0.28911,0.50653,0.29726,0.40478,0.25509,0.35955,0.16625,0.20875,0.065028,0.24585,0.23479,0.18817,0.26104,0.22549,0.22148,-0.028081
0.48398,0.42649,0.24637,0.45655,0.30568,0.38284,0.45435,0.63294,0.40597,0.46162,0.58869,0.78794,0.6445,1,0.51338,0.69283,0.38633,0.38638,0.48342,0.52344,0.10516,0.052098,0.30512,0.37442,0.047114,0.092931,0.061363,0.087235,0.52678,0.59569,0.26438,0.29911,0.43656,0.49047,0.1148,0.12842,0.20546,0.14754,0.22671,0.21844,0.2782,0.21276,0.36619,0.34939,0.29399,0.32004,0.39665,0.38089,0.33149,0.32451,0.40547,0.38867,0.42122,0.34928,0.42912,0.40678,0.31703,0.30964,0.41397,0.44047,0.53078,0.59125,0.5294,0.60187,0.19875,0.36673,0.2758,0.33758,0.25709,0.26851,0.30127,0.33437,0.29093,0.35428,0.24765,0.27975,0.31481,0.34134,0.38226,0.38379,0.45881,0.48795,0.45575,0.38753,0.43202,0.55823,0.16345,0.21862,0.47679,0.55373,0.39532,0.21818,0.32836,0.12653,0.21342,0.19055,0.2518,0.24475,0.41197,0.37959,0.44937,0.34168,0.35484,0.3828,0.32136,0.29101,0.18016,0.21,0.048093,0.25404,0.21324,0.18828,0.267,0.23849,0.24357,-0.041847
0.50361,0.34489,0.60262,0.32665,0.43318,0.15535,0.54674,0.2513,0.55517,0.24681,0.57064,0.35102,0.75932,0.51338,1,0.6688,0.33935,0.30207,0.54242,0.35724,0.25464,0.052022,0.68899,0.47208,0.41454,0.28221,0.39173,0.24908,0.40115,0.33919,0.36898,0.27891,0.43969,0.29104,0.33329,0.16487,0.3927,0.23451,0.34846,0.24829,0.3316,0.21593,0.34663,0.30022,0.26876,0.23076,0.35815,0.3429,0.26124,0.26128,0.35605,0.30025,0.39046,0.3413,0.41914,0.3717,0.3412,0.30233,0.33201,0.2417,0.47461,0.25126,0.40878,0.25742,0.55701,0.30693,0.36417,0.21315,0.3275,0.27932,0.35616,0.25795,0.25015,0.23144,0.23236,0.17727,0.32043,0.21396,0.35678,0.3587,0.40163,0.4168,0.60798,0.43604,0.71763,0.47923,0.46657,0.41793,0.63483,0.47002,0.24182,0.44924,0.22707,0.44195,0.25705,0.17657,0.2733,0.25118,0.2549,0.35824,0.12571,0.33933,0.21279,0.28712,0.25794,0.36473,0.14197,0.15397,0.079011,0.24075,0.21921,0.14779,0.19921,0.22435,0.2399,-0.002975
0.37695,0.33229,0.38384,0.48513,0.32761,0.35437,0.36921,0.42808,0.37,0.4245,0.39694,0.49397,0.531,0.69283,0.6688,1,0.31076,0.30011,0.40677,0.38121,0.24996,0.093094,0.57236,0.63905,0.3251,0.34213,0.2938,0.26179,0.36373,0.43007,0.35873,0.40906,0.4072,0.39234,0.31097,0.24182,0.32657,0.25047,0.313,0.28462,0.30618,0.22856,0.34307,0.31125,0.26446,0.24629,0.3459,0.33567,0.24438,0.24047,0.32761,0.30448,0.36821,0.33352,0.38671,0.37335,0.28751,0.26728,0.26532,0.25815,0.37042,0.40438,0.35923,0.35668,0.43681,0.45829,0.34574,0.33202,0.27277,0.25121,0.28916,0.28685,0.20904,0.27167,0.21042,0.22202,0.28852,0.28116,0.35865,0.36429,0.39045,0.47596,0.52124,0.47668,0.5751,0.628,0.36949,0.48037,0.48356,0.54839,0.35807,0.29332,0.386,0.26432,0.23633,0.20216,0.25982,0.23843,0.26387,0.27572,0.23423,0.22238,0.20971,0.23524,0.34452,0.33238,0.16681,0.16303,0.076293,0.25892,0.21735,0.12705,0.18038,0.2161,0.26194,-0.001918
0.73762,0.77115,0.28862,0.30444,0.18646,0.15777,0.36896,0.33693,0.24968,0.12787,0.52962,0.48611,0.4043,0.38633,0.33935,0.31076,1,0.89884,0.67611,0.72802,0.18953,0.11995,0.21601,0.15088,0.19647,0.17595,0.14735,0.08215,0.79161,0.75968,0.36524,0.27588,0.66449,0.63558,0.15415,0.161,0.41367,0.30243,0.37165,0.35819,0.40519,0.3263,0.52694,0.51421,0.54753,0.57149,0.60553,0.60588,0.53939,0.4967,0.48534,0.44074,0.46044,0.38225,0.55574,0.54255,0.835,0.76808,0.52349,0.49602,0.4533,0.28699,0.71097,0.64337,0.13224,0.13159,0.40319,0.38675,0.63322,0.61699,0.21031,0.20246,0.30712,0.35476,0.27022,0.27143,0.40668,0.39239,0.80145,0.75419,0.85577,0.703,0.62347,0.54061,0.46435,0.42111,0.24977,0.1989,0.40909,0.43853,0.078967,0.019136,-0.045425,-0.048396,0.24842,0.21893,0.36964,0.38848,0.49744,0.40137,0.20063,0.16374,0.51277,0.51887,0.22528,0.30645,0.0043029,0.060679,0.018538,0.25444,0.29498,0.30227,0.27263,0.3613,0.09882,-0.13732
0.69143,0.81088,0.24666,0.27401,0.16367,0.14023,0.3112,0.31567,0.21276,0.11237,0.48212,0.49988,0.35708,0.38638,0.30207,0.30011,0.89884,1,0.65505,0.7496,0.17699,0.11825,0.18729,0.11837,0.18335,0.1511,0.13336,0.075081,0.74732,0.79107,0.34223,0.24923,0.63375,0.61934,0.12581,0.14096,0.37636,0.30317,0.33575,0.35732,0.39174,0.33715,0.50625,0.50363,0.54355,0.57194,0.58676,0.59095,0.53711,0.49795,0.46185,0.43694,0.44085,0.38206,0.52371,0.53632,0.80906,0.80763,0.48766,0.48663,0.41121,0.26541,0.67911,0.66921,0.10164,0.092884,0.36568,0.35355,0.61444,0.62099,0.17649,0.18331,0.2705,0.36046,0.24974,0.27958,0.37469,0.38516,0.75871,0.78314,0.81954,0.7304,0.58821,0.56029,0.42069,0.41515,0.22362,0.19767,0.36177,0.4233,0.048254,0.00041848,-0.082827,-0.066857,0.22635,0.20386,0.3468,0.35297,0.49236,0.37796,0.17926,0.14074,0.51818,0.50056,0.19341,0.27995,-0.015974,0.030592,0.0057723,0.22848,0.25546,0.28847,0.26628,0.34781,0.083335,-0.14874
0.78293,0.67619,0.50041,0.39812,0.30714,0.16794,0.57286,0.41916,0.37898,0.17951,0.66853,0.52449,0.60209,0.48342,0.54242,0.40677,0.67611,0.65505,1,0.79836,0.16289,0.067438,0.42092,0.2476,0.19299,0.12621,0.13765,0.063938,0.68594,0.65214,0.44409,0.32006,0.66893,0.58581,0.17832,0.13752,0.35641,0.24322,0.31053,0.26966,0.33853,0.24611,0.50258,0.48624,0.46867,0.4692,0.53864,0.53361,0.466,0.43681,0.45071,0.4116,0.447,0.38269,0.48257,0.47442,0.65259,0.6053,0.54014,0.48253,0.54584,0.34695,0.63506,0.53469,0.25554,0.18934,0.41963,0.344,0.57952,0.53091,0.37703,0.34352,0.38218,0.40465,0.32397,0.29571,0.44932,0.39394,0.58157,0.58877,0.64249,0.57678,0.60158,0.46974,0.53912,0.41722,0.28099,0.23803,0.47314,0.46053,0.23122,0.28982,0.067834,0.17854,0.29117,0.238,0.39268,0.39609,0.50795,0.54858,0.25657,0.35996,0.47855,0.57666,0.25484,0.36385,0.096489,0.16168,0.072207,0.29125,0.33454,0.32078,0.32206,0.35081,0.18593,-0.080686
0.69865,0.75968,0.28971,0.38469,0.19857,0.18385,0.39739,0.4389,0.24916,0.16221,0.5372,0.60107,0.41205,0.52344,0.35724,0.38121,0.72802,0.7496,0.79836,1,0.12628,0.088927,0.24222,0.19932,0.083113,0.0703,0.049792,0.032471,0.71887,0.74993,0.38156,0.30573,0.64094,0.65828,0.087453,0.11972,0.30056,0.23583,0.26286,0.27393,0.33464,0.27895,0.48316,0.48426,0.49601,0.53138,0.55316,0.54946,0.51749,0.48339,0.45467,0.44245,0.4488,0.39243,0.4855,0.49669,0.67194,0.65814,0.49982,0.51233,0.4352,0.35024,0.65452,0.66213,0.080334,0.11342,0.34589,0.35591,0.62252,0.62345,0.27013,0.29187,0.33759,0.42053,0.28367,0.31237,0.40432,0.41989,0.60914,0.61607,0.68363,0.62865,0.55384,0.48826,0.40114,0.4257,0.20175,0.1981,0.35543,0.44893,0.19444,0.097375,0.021714,-0.029618,0.26069,0.23749,0.37308,0.36844,0.53414,0.43844,0.29632,0.21371,0.54412,0.53231,0.23168,0.28869,0.04567,0.09687,0.040288,0.27042,0.29986,0.31663,0.31248,0.35797,0.13021,-0.12676
0.17061,0.17963,0.32513,0.23867,0.12219,0.034227,0.15867,0.062976,0.077949,0.0034216,0.056471,0.030872,0.14246,0.10516,0.25464,0.24996,0.18953,0.17699,0.16289,0.12628,1,0.19525,0.38893,0.35344,0.49243,0.46937,0.30967,0.21925,0.14604,0.14041,0.39084,0.3478,0.29819,0.22723,0.35536,0.28571,0.388,0.31993,0.36794,0.33825,0.27059,0.21444,0.27937,0.23983,0.23957,0.18289,0.23801,0.24007,0.15431,0.14032,0.21902,0.18266,0.1765,0.16294,0.26866,0.25324,0.19636,0.18327,0.13725,0.095263,0.10598,0.018207,0.082021,0.04816,0.32196,0.26028,0.37399,0.3165,0.20975,0.18705,0.21028,0.17275,0.13091,0.14392,0.11336,0.087632,0.20039,0.17281,0.23058,0.24218,0.22805,0.26321,0.32101,0.30493,0.32095,0.31334,0.26576,0.31593,0.23427,0.22227,0.072122,0.13571,0.1068,0.1828,0.15171,0.15039,0.19709,0.19081,0.096238,0.1148,-0.00093596,0.068869,0.080504,0.095063,0.25879,0.30997,0.087525,0.10683,0.072746,0.16941,0.18743,0.08506,0.084121,0.15186,0.18543,0.042513
0.074663,0.1044,0.060309,0.047816,0.014556,0.044771,0.016237,0.011075,-0.015739,-0.040193,0.019219,0.039321,0.022117,0.052098,0.052022,0.093094,0.11995,0.11825,0.067438,0.088927,0.19525,1,0.088942,0.08641,0.17615,0.18875,0.11039,0.15354,0.12401,0.12727,0.18998,0.16949,0.1546,0.13716,0.10398,0.11195,0.16819,0.15438,0.15914,0.17758,0.14006,0.14051,0.13955,0.13641,0.14547,0.13074,0.1305,0.13533,0.12285,0.11265,0.12887,0.12312,0.10157,0.099673,0.14052,0.14529,0.10081,0.096904,0.082163,0.074994,0.014367,-0.019087,0.076437,0.079314,0.035882,0.038447,0.15367,0.15464,0.090486,0.094039,0.097469,0.098859,0.066026,0.094316,0.05847,0.069653,0.10373,0.10108,0.12355,0.11968,0.13736,0.1311,0.14947,0.15907,0.082784,0.10956,0.077162,0.11089,0.070723,0.08951,0.01084,-0.0016335,-0.0081789,0.00061762,0.057486,0.064279,0.099968,0.094036,0.086901,0.05869,0.043459,0.022259,0.097308,0.090604,0.10921,0.12258,0.042118,0.054346,0.027715,0.074056,0.097596,0.070919,0.065152,0.078978,0.072354,0.016098
0.31468,0.21478,0.76295,0.53754,0.41602,0.13671,0.53318,0.26852,0.38961,0.17673,0.26215,0.13247,0.4642,0.30512,0.68899,0.57236,0.21601,0.18729,0.42092,0.24222,0.38893,0.088942,1,0.78983,0.64607,0.56227,0.44516,0.27742,0.21306,0.19456,0.61689,0.5764,0.50017,0.35446,0.61615,0.40716,0.44651,0.31034,0.40541,0.29212,0.25998,0.16671,0.36423,0.29176,0.28656,0.18425,0.294,0.28932,0.1603,0.15167,0.28191,0.22273,0.28662,0.28489,0.3173,0.29283,0.23491,0.21116,0.20587,0.12004,0.32631,0.20524,0.19981,0.10062,0.74319,0.5195,0.57962,0.41472,0.28194,0.21997,0.40284,0.32099,0.21703,0.21894,0.21293,0.15521,0.36116,0.27114,0.30251,0.32449,0.2858,0.37615,0.49038,0.38696,0.68793,0.54101,0.49162,0.53721,0.48335,0.4212,0.33255,0.53477,0.3893,0.5706,0.29259,0.22785,0.3122,0.283,0.18189,0.29406,0.069231,0.27454,0.11895,0.18156,0.40473,0.49328,0.18753,0.20893,0.13874,0.29337,0.3148,0.15298,0.1513,0.2204,0.31643,0.066116
0.19054,0.16261,0.54771,0.66418,0.28772,0.22968,0.34752,0.36945,0.23094,0.29212,0.10202,0.17534,0.26013,0.37442,0.47208,0.63905,0.15088,0.11837,0.2476,0.19932,0.35344,0.08641,0.78983,1,0.5456,0.60916,0.36814,0.28818,0.11656,0.15652,0.50122,0.60839,0.391,0.36402,0.57225,0.4555,0.38071,0.30725,0.35745,0.29339,0.21774,0.16136,0.31037,0.24629,0.24252,0.16519,0.24789,0.24849,0.12355,0.12018,0.24037,0.20911,0.25167,0.25649,0.27864,0.27106,0.1719,0.15393,0.13015,0.11532,0.2097,0.29508,0.12032,0.11678,0.6279,0.64173,0.51485,0.47872,0.21842,0.17471,0.29566,0.28167,0.14542,0.18429,0.15201,0.13505,0.26906,0.25704,0.25061,0.25853,0.23538,0.37303,0.3996,0.38428,0.56232,0.6357,0.4365,0.58563,0.3593,0.46374,0.4015,0.37342,0.51638,0.4014,0.24688,0.21867,0.2612,0.25057,0.14832,0.1851,0.12456,0.14066,0.078944,0.10145,0.44095,0.40592,0.17283,0.17549,0.12772,0.27637,0.28719,0.10568,0.099685,0.17905,0.28083,0.06235
0.24961,0.23204,0.57181,0.32789,0.18469,-0.0027354,0.22386,-0.029003,0.10912,-0.048922,0.050878,-0.088482,0.22477,0.047114,0.41454,0.3251,0.19647,0.18335,0.19299,0.083113,0.49243,0.17615,0.64607,0.5456,1,0.78835,0.59144,0.40943,0.037467,0.0066863,0.41248,0.36013,0.32236,0.16943,0.57955,0.3902,0.56029,0.45509,0.50623,0.4568,0.30255,0.25576,0.34586,0.27492,0.29102,0.19005,0.28587,0.29483,0.17108,0.17041,0.3011,0.24494,0.2408,0.22784,0.3646,0.34548,0.28053,0.27574,0.17612,0.089248,0.13124,-0.064518,0.01165,-0.090952,0.61088,0.42117,0.55566,0.39742,0.3257,0.26892,0.20547,0.11009,0.052656,0.065873,0.092404,0.042356,0.19151,0.13104,0.25376,0.27436,0.25134,0.34182,0.4204,0.42045,0.56335,0.47263,0.47256,0.53125,0.38236,0.32148,0.047992,0.24615,0.15156,0.37181,0.21275,0.17966,0.24627,0.22942,0.032794,0.097045,-0.11747,0.070046,0.0065408,0.041709,0.32363,0.41094,0.070577,0.083561,0.095492,0.2081,0.23651,0.039118,0.047268,0.15349,0.19754,0.055605
0.18168,0.18811,0.47432,0.44443,0.14693,0.1286,0.20455,0.11614,0.064407,0.054213,-0.016136,-0.042011,0.11848,0.092931,0.28221,0.34213,0.17595,0.1511,0.12621,0.0703,0.46937,0.18875,0.56227,0.60916,0.78835,1,0.48354,0.37543,0.04611,0.041651,0.45906,0.48656,0.33499,0.26066,0.58876,0.47474,0.52233,0.44822,0.49582,0.44618,0.25578,0.22407,0.35411,0.28367,0.29518,0.2103,0.28155,0.29294,0.16036,0.16262,0.28738,0.24563,0.22822,0.2209,0.3384,0.3182,0.23187,0.22008,0.15075,0.10557,0.11104,0.046937,-0.0046789,-0.04848,0.54092,0.52245,0.5622,0.50554,0.26658,0.22751,0.21501,0.16694,0.073783,0.093255,0.090392,0.058961,0.2071,0.18393,0.25346,0.2609,0.23916,0.33024,0.3475,0.37688,0.45899,0.50549,0.39185,0.49417,0.30066,0.33523,0.14968,0.19521,0.27526,0.30218,0.21295,0.18993,0.25558,0.24705,0.075111,0.096625,-0.0098511,0.058238,0.035269,0.051214,0.40777,0.40827,0.11963,0.12205,0.11093,0.22345,0.26606,0.067902,0.06572,0.16529,0.23313,0.07218
0.20557,0.18057,0.3845,0.1779,0.18359,0.025748,0.13349,-0.074732,0.14908,0.029201,0.094053,-0.050038,0.23156,0.061363,0.39173,0.2938,0.14735,0.13336,0.13765,0.049792,0.30967,0.11039,0.44516,0.36814,0.59144,0.48354,1,0.39741,0.013999,-0.020193,0.15992,0.13429,0.16461,0.03711,0.36077,0.20723,0.38659,0.30318,0.33731,0.30894,0.22894,0.19477,0.1921,0.14491,0.16632,0.11019,0.18374,0.19019,0.11728,0.12539,0.19206,0.15509,0.1681,0.14545,0.26959,0.25542,0.22251,0.21603,0.12813,0.062756,0.12175,-0.044613,0.026038,-0.075597,0.46014,0.27521,0.31561,0.18744,0.23812,0.19338,0.094458,0.0041804,-0.0031311,0.0035021,0.043717,0.012718,0.080094,0.026691,0.17554,0.17822,0.1783,0.24383,0.34068,0.33828,0.46634,0.35512,0.41916,0.42983,0.35272,0.27358,-0.018926,0.17356,0.077549,0.26544,0.14232,0.10205,0.1346,0.1336,-0.01332,0.038821,-0.13017,0.028324,-0.027514,-0.0041277,0.1653,0.23223,0.0069469,-0.0046647,0.050768,0.1161,0.10641,-0.006088,0.0008503,0.072614,0.081574,0.017032
0.12409,0.11862,0.21045,0.12278,0.044174,0.12614,0.028732,-0.069575,0.033777,0.017163,0.053517,-0.017096,0.14189,0.087235,0.24908,0.26179,0.08215,0.075081,0.063938,0.032471,0.21925,0.15354,0.27742,0.28818,0.40943,0.37543,0.39741,1,-0.014314,-0.028338,0.069983,0.080512,0.075078,0.0028937,0.2318,0.14598,0.26293,0.24084,0.2211,0.24217,0.17661,0.15959,0.11529,0.08567,0.086934,0.058473,0.11347,0.11799,0.064881,0.071644,0.13053,0.10879,0.12197,0.10188,0.1848,0.18212,0.1398,0.13557,0.069488,0.033004,0.041226,-0.059883,0.012507,-0.057123,0.27466,0.1927,0.1944,0.13117,0.15195,0.12778,0.046593,-0.0082845,-0.023996,-0.0054853,0.003998,0.023948,0.036843,0.0092382,0.098519,0.10556,0.1119,0.17531,0.22954,0.26005,0.30355,0.27482,0.27432,0.34649,0.21726,0.20326,-0.013373,0.075321,0.063042,0.14068,0.084002,0.060574,0.078747,0.072345,-0.032558,-0.0034067,-0.081331,-0.0058992,-0.01992,-0.015403,0.12964,0.13737,0.0041599,-0.017033,0.019275,0.071999,0.065087,-0.037932,-0.017152,0.033919,0.057056,0.011603
0.65557,0.62161,0.27303,0.30767,0.26418,0.22372,0.49117,0.4774,0.34762,0.18955,0.6296,0.63063,0.50771,0.52678,0.40115,0.36373,0.79161,0.74732,0.68594,0.71887,0.14604,0.12401,0.21306,0.11656,0.037467,0.04611,0.013999,-0.014314,1,0.86612,0.47664,0.37019,0.69822,0.7025,0.10256,0.12708,0.30703,0.18953,0.30144,0.25264,0.36594,0.2653,0.50089,0.49371,0.49255,0.52284,0.56084,0.54597,0.50521,0.45862,0.45992,0.41942,0.45179,0.36988,0.51064,0.47416,0.61947,0.56623,0.52676,0.50637,0.52677,0.39686,0.77317,0.7376,0.053383,0.093513,0.35675,0.36928,0.4449,0.45386,0.31483,0.32314,0.40502,0.43256,0.32782,0.32391,0.44963,0.42382,0.68096,0.63494,0.74443,0.57515,0.58284,0.42961,0.37444,0.34738,0.14932,0.083194,0.4035,0.4114,0.1949,0.09019,0.011839,-0.032037,0.23791,0.1966,0.35169,0.34937,0.5531,0.46683,0.34628,0.28164,0.55033,0.55879,0.24924,0.3135,0.090185,0.15248,0.031617,0.25572,0.28704,0.32725,0.32851,0.35303,0.17146,-0.11058
0.59545,0.64008,0.19828,0.34332,0.23894,0.27326,0.41139,0.53316,0.29751,0.25672,0.55509,0.70041,0.42966,0.59569,0.33919,0.43007,0.75968,0.79107,0.65214,0.74993,0.14041,0.12727,0.19456,0.15652,0.0066863,0.041651,-0.020193,-0.028338,0.86612,1,0.47638,0.41104,0.68013,0.73475,0.090172,0.14071,0.24882,0.1859,0.25552,0.25401,0.33193,0.26779,0.4848,0.48735,0.4895,0.52885,0.54287,0.53285,0.49464,0.45177,0.42791,0.41449,0.43239,0.37377,0.46956,0.46547,0.58476,0.57204,0.47821,0.50242,0.48004,0.45445,0.73528,0.79079,0.025546,0.11744,0.32251,0.3727,0.42459,0.45171,0.28497,0.33259,0.36908,0.46015,0.30902,0.34488,0.42,0.44398,0.67363,0.67719,0.7357,0.62733,0.5451,0.4571,0.32423,0.3809,0.10656,0.093493,0.33954,0.42896,0.2111,0.053513,0.039068,-0.073389,0.22301,0.20547,0.32975,0.333,0.54324,0.43381,0.36095,0.23743,0.54387,0.53397,0.24963,0.29045,0.08822,0.14057,0.028706,0.25434,0.26684,0.31581,0.32487,0.34995,0.1797,-0.10532
0.28222,0.2556,0.52989,0.47207,0.29564,0.17006,0.46935,0.37393,0.25259,0.099949,0.20572,0.2198,0.2511,0.26438,0.36898,0.35873,0.36524,0.34223,0.44409,0.38156,0.39084,0.18998,0.61689,0.50122,0.41248,0.45906,0.15992,0.069983,0.47664,0.47638,1,0.79876,0.70003,0.64219,0.50505,0.44211,0.38447,0.27847,0.38167,0.27473,0.23235,0.1489,0.48617,0.44053,0.42638,0.35617,0.40008,0.39554,0.28724,0.25172,0.31832,0.27232,0.29841,0.29769,0.33169,0.30969,0.2639,0.23097,0.25616,0.21388,0.28787,0.24527,0.33209,0.32475,0.36111,0.33002,0.5676,0.52525,0.24708,0.23291,0.46398,0.44955,0.35532,0.36693,0.29141,0.26273,0.48647,0.44274,0.43328,0.44042,0.40225,0.37518,0.41274,0.30407,0.35964,0.36048,0.2169,0.24997,0.27489,0.30334,0.32187,0.31726,0.2542,0.27543,0.27835,0.24341,0.37333,0.34747,0.37172,0.37794,0.22753,0.26313,0.32918,0.35185,0.43667,0.48542,0.22635,0.26537,0.13119,0.30053,0.36202,0.29066,0.26499,0.31721,0.34431,0.043704
0.19305,0.18514,0.44586,0.57881,0.2734,0.25971,0.40227,0.46776,0.21319,0.22758,0.1196,0.23179,0.17353,0.29911,0.27891,0.40906,0.27588,0.24923,0.32006,0.30573,0.3478,0.16949,0.5764,0.60839,0.36013,0.48656,0.13429,0.080512,0.37019,0.41104,0.79876,1,0.58665,0.61368,0.50041,0.46884,0.32977,0.26044,0.34013,0.25041,0.17453,0.11033,0.42086,0.37443,0.36397,0.29648,0.32962,0.33057,0.22327,0.19435,0.26795,0.23047,0.25286,0.26301,0.27369,0.2564,0.18916,0.16287,0.19147,0.18279,0.24761,0.34137,0.23592,0.28379,0.36908,0.45834,0.5292,0.54482,0.18847,0.17757,0.40672,0.431,0.29121,0.32187,0.24291,0.23054,0.41518,0.41301,0.36452,0.3716,0.33129,0.34923,0.32792,0.26721,0.32144,0.4153,0.1978,0.27172,0.22234,0.32391,0.39965,0.29266,0.38435,0.25848,0.25355,0.23454,0.32772,0.31759,0.32228,0.31179,0.2612,0.21535,0.25863,0.26904,0.4585,0.43341,0.2307,0.26155,0.13434,0.28465,0.34083,0.25091,0.22386,0.2793,0.34089,0.061123
0.59729,0.54981,0.56251,0.54175,0.36054,0.23951,0.62815,0.52852,0.40331,0.20652,0.46683,0.45747,0.4578,0.43656,0.43969,0.4072,0.66449,0.63375,0.66893,0.64094,0.29819,0.1546,0.50017,0.391,0.32236,0.33499,0.16461,0.075078,0.69822,0.68013,0.70003,0.58665,1,0.85519,0.49207,0.4279,0.44258,0.31958,0.44465,0.36675,0.34961,0.25486,0.61847,0.57338,0.6129,0.57147,0.59915,0.59642,0.50284,0.45508,0.5234,0.45608,0.45696,0.39786,0.54285,0.50851,0.57167,0.53188,0.56356,0.49494,0.57225,0.42227,0.66288,0.6202,0.3882,0.37247,0.715,0.66911,0.50283,0.50168,0.40059,0.39912,0.37481,0.41934,0.33891,0.3113,0.57415,0.53068,0.63235,0.62488,0.6717,0.59185,0.56644,0.45446,0.53402,0.5278,0.24826,0.24974,0.49183,0.50169,0.34774,0.31287,0.22056,0.23978,0.33862,0.28639,0.47605,0.45415,0.54008,0.51556,0.34347,0.3734,0.52618,0.56577,0.46712,0.5584,0.19327,0.26343,0.10736,0.35343,0.4353,0.36962,0.35458,0.39207,0.29714,-0.04882
0.5106,0.52314,0.39605,0.58948,0.30071,0.319,0.54403,0.65073,0.33822,0.29901,0.40749,0.54601,0.3446,0.49047,0.29104,0.39234,0.63558,0.61934,0.58581,0.65828,0.22723,0.13716,0.35446,0.36402,0.16943,0.26066,0.03711,0.0028937,0.7025,0.73475,0.64219,0.61368,0.85519,1,0.41098,0.43066,0.33788,0.25708,0.35994,0.308,0.28501,0.20939,0.58161,0.55226,0.58643,0.57411,0.56973,0.56792,0.49606,0.45316,0.48573,0.44704,0.43579,0.37999,0.48859,0.46719,0.50411,0.47819,0.51748,0.51839,0.51869,0.53235,0.63736,0.69232,0.25209,0.39936,0.62011,0.68369,0.41694,0.44682,0.36708,0.41485,0.37109,0.44328,0.31811,0.33298,0.52918,0.55437,0.60806,0.597,0.64278,0.56009,0.47785,0.38637,0.38479,0.5006,0.14552,0.16257,0.3789,0.48181,0.41374,0.21998,0.28163,0.11909,0.30443,0.27687,0.44126,0.42096,0.579,0.48403,0.4412,0.32231,0.55502,0.54686,0.47023,0.47897,0.20361,0.26392,0.097607,0.33314,0.40638,0.372,0.36479,0.38569,0.29301,-0.047857
0.16093,0.10644,0.57269,0.47838,0.30384,0.15901,0.38742,0.24443,0.22973,0.13574,0.041555,0.0036686,0.20745,0.1148,0.33329,0.31097,0.15415,0.12581,0.17832,0.087453,0.35536,0.10398,0.61615,0.57225,0.57955,0.58876,0.36077,0.2318,0.10256,0.090172,0.50505,0.50041,0.49207,0.41098,1,0.65082,0.41046,0.30953,0.38942,0.27568,0.16488,0.10444,0.36463,0.28081,0.35491,0.24006,0.26095,0.26561,0.16468,0.15686,0.26727,0.19925,0.2263,0.22852,0.26735,0.23149,0.15869,0.1347,0.20437,0.12803,0.26361,0.21365,0.10255,0.062286,0.66284,0.5758,0.69862,0.60238,0.18611,0.15906,0.28221,0.24053,0.12726,0.13143,0.15035,0.11063,0.33972,0.28264,0.24084,0.24577,0.21702,0.26339,0.30231,0.2531,0.48537,0.44939,0.33583,0.37937,0.33233,0.31284,0.32133,0.38593,0.39777,0.45804,0.26287,0.20348,0.30653,0.2656,0.17462,0.22194,0.1055,0.21752,0.12095,0.14328,0.44249,0.46068,0.19652,0.20556,0.14753,0.26361,0.32535,0.16348,0.13994,0.19453,0.29458,0.11025
0.12032,0.10712,0.36837,0.43495,0.19479,0.18034,0.27125,0.27676,0.11759,0.12028,-0.0020462,0.04868,0.088339,0.12842,0.16487,0.24182,0.161,0.14096,0.13752,0.11972,0.28571,0.11195,0.40716,0.4555,0.3902,0.47474,0.20723,0.14598,0.12708,0.14071,0.44211,0.46884,0.4279,0.43066,0.65082,1,0.31686,0.28591,0.32099,0.25514,0.1287,0.10182,0.35631,0.30062,0.35789,0.28194,0.26058,0.27363,0.18985,0.1813,0.25069,0.21156,0.20214,0.20054,0.23488,0.21709,0.14305,0.12047,0.18052,0.16117,0.18692,0.22201,0.10993,0.12277,0.43252,0.49098,0.58598,0.61921,0.1534,0.15683,0.24705,0.23662,0.13631,0.15047,0.14056,0.13201,0.31011,0.32464,0.23344,0.2291,0.21002,0.24084,0.23267,0.20661,0.31686,0.38365,0.21222,0.27507,0.2105,0.25699,0.32044,0.24905,0.36409,0.28054,0.21492,0.19967,0.28125,0.25764,0.21627,0.20254,0.17686,0.1689,0.17784,0.17488,0.42832,0.39924,0.20433,0.20259,0.12007,0.23705,0.30562,0.17795,0.15584,0.21213,0.27774,0.074656
0.46319,0.43984,0.47288,0.34999,0.18644,0.066623,0.32995,0.16983,0.21995,0.073324,0.25729,0.15722,0.33231,0.20546,0.3927,0.32657,0.41367,0.37636,0.35641,0.30056,0.388,0.16819,0.44651,0.38071,0.56029,0.52233,0.38659,0.26293,0.30703,0.24882,0.38447,0.32977,0.44258,0.33788,0.41046,0.31686,1,0.64633,0.60219,0.54896,0.48677,0.40447,0.44242,0.38778,0.41195,0.36281,0.45178,0.45756,0.36047,0.35177,0.4549,0.38925,0.39911,0.33316,0.53192,0.49088,0.48088,0.45532,0.3732,0.30423,0.3136,0.13884,0.23131,0.15366,0.43064,0.35676,0.51717,0.42603,0.4614,0.42186,0.291,0.22554,0.16684,0.18569,0.14879,0.11446,0.29859,0.24926,0.41725,0.41001,0.46714,0.48313,0.53334,0.50636,0.55734,0.50264,0.43654,0.44013,0.49908,0.46129,0.14059,0.21291,0.14836,0.25967,0.26439,0.21982,0.3618,0.3288,0.26119,0.25854,0.090773,0.18264,0.23694,0.26253,0.34432,0.40615,0.10212,0.1164,0.077289,0.25359,0.30116,0.18727,0.18997,0.24704,0.17285,-0.015076
0.33161,0.3624,0.32793,0.28677,0.10031,0.049993,0.18294,0.12478,0.11121,0.066837,0.13884,0.11066,0.18453,0.14754,0.23451,0.25047,0.30243,0.30317,0.24322,0.23583,0.31993,0.15438,0.31034,0.30725,0.45509,0.44822,0.30318,0.24084,0.18953,0.1859,0.27847,0.26044,0.31958,0.25708,0.30953,0.28591,0.64633,1,0.47181,0.54368,0.38645,0.41164,0.32234,0.29175,0.32368,0.29249,0.33565,0.35258,0.28715,0.29173,0.35574,0.32505,0.3015,0.26264,0.40527,0.4107,0.37845,0.38403,0.28308,0.25326,0.20165,0.101,0.13596,0.11155,0.30075,0.29642,0.39839,0.35953,0.38676,0.36978,0.18457,0.1593,0.074048,0.1348,0.07778,0.093371,0.17641,0.20533,0.30129,0.31379,0.34976,0.40989,0.38964,0.45539,0.39907,0.43274,0.3252,0.39189,0.36203,0.39379,0.094794,0.118,0.11824,0.15999,0.20508,0.19978,0.26818,0.25137,0.17456,0.15927,0.067293,0.098174,0.17289,0.19004,0.26784,0.29827,0.05088,0.05059,0.06002,0.19398,0.21668,0.11859,0.13196,0.18056,0.10852,-0.017083
0.40385,0.36909,0.4481,0.36945,0.20143,0.10376,0.34758,0.22109,0.21618,0.099297,0.23849,0.17793,0.31301,0.22671,0.34846,0.313,0.37165,0.33575,0.31053,0.26286,0.36794,0.15914,0.40541,0.35745,0.50623,0.49582,0.33731,0.2211,0.30144,0.25552,0.38167,0.34013,0.44465,0.35994,0.38942,0.32099,0.60219,0.47181,1,0.55682,0.37627,0.31163,0.46023,0.40378,0.42775,0.37473,0.45772,0.45914,0.34941,0.33285,0.4493,0.39218,0.34423,0.27353,0.55409,0.49266,0.40552,0.38242,0.38417,0.32171,0.32788,0.17202,0.24279,0.18956,0.4071,0.38601,0.54916,0.49412,0.38061,0.35992,0.20982,0.15886,0.13465,0.14712,0.15371,0.10155,0.27709,0.25296,0.38754,0.37896,0.41644,0.42401,0.4722,0.42896,0.50078,0.49251,0.38778,0.37878,0.46491,0.43611,0.1251,0.15068,0.12991,0.20005,0.24459,0.22165,0.33109,0.31068,0.2407,0.22739,0.11915,0.18565,0.21269,0.23289,0.37728,0.43138,0.10962,0.14268,0.081532,0.2507,0.29039,0.14625,0.16798,0.21612,0.19613,-0.0029722
0.38524,0.40877,0.33396,0.31242,0.094236,0.073834,0.22227,0.16492,0.10877,0.064926,0.19117,0.18209,0.23577,0.21844,0.24829,0.28462,0.35819,0.35732,0.26966,0.27393,0.33825,0.17758,0.29212,0.29339,0.4568,0.44618,0.30894,0.24217,0.25264,0.25401,0.27473,0.25041,0.36675,0.308,0.27568,0.25514,0.54896,0.54368,0.55682,1,0.3746,0.38492,0.4219,0.38942,0.41837,0.39435,0.45302,0.46714,0.36811,0.35496,0.44069,0.41778,0.3252,0.25422,0.54054,0.5456,0.41759,0.4207,0.36905,0.34074,0.25804,0.12436,0.21207,0.18689,0.29481,0.31944,0.47162,0.45723,0.40026,0.39853,0.11988,0.083896,0.061946,0.12578,0.10262,0.098058,0.17206,0.19754,0.35911,0.36848,0.40628,0.45483,0.42638,0.48292,0.42974,0.49302,0.31483,0.39162,0.40471,0.43501,0.034476,0.027671,0.035527,0.076563,0.19636,0.20515,0.26634,0.27686,0.18307,0.15155,0.073411,0.10095,0.17622,0.19939,0.30641,0.35712,0.033791,0.064781,0.046827,0.20967,0.21966,0.090018,0.13025,0.18259,0.11842,-0.036776
0.41378,0.41242,0.26613,0.20543,0.12296,0.064637,0.22011,0.14543,0.16508,0.052818,0.31861,0.26716,0.31259,0.2782,0.3316,0.30618,0.40519,0.39174,0.33853,0.33464,0.27059,0.14006,0.25998,0.21774,0.30255,0.25578,0.22894,0.17661,0.36594,0.33193,0.23235,0.17453,0.34961,0.28501,0.16488,0.1287,0.48677,0.38645,0.37627,0.3746,1,0.43462,0.28757,0.26163,0.27251,0.26675,0.33352,0.32931,0.27808,0.25912,0.32522,0.28648,0.30659,0.24006,0.41338,0.38922,0.41367,0.39697,0.30677,0.26657,0.26191,0.11748,0.33137,0.27261,0.19339,0.1488,0.29029,0.24277,0.35946,0.33744,0.20283,0.17732,0.23894,0.26452,0.15194,0.1511,0.21076,0.1879,0.36046,0.35624,0.42529,0.41985,0.47582,0.43896,0.40389,0.37294,0.30232,0.31505,0.38684,0.36799,0.066661,0.095737,0.040295,0.093484,0.16814,0.13909,0.22663,0.2215,0.2287,0.2119,0.090381,0.12417,0.22343,0.24435,0.19814,0.25694,0.048728,0.065872,0.036716,0.17732,0.17153,0.12778,0.13496,0.18253,0.10332,-0.0604
0.3249,0.35932,0.17722,0.15881,0.059108,0.04016,0.12458,0.08649,0.085103,0.021133,0.22058,0.20448,0.20909,0.21276,0.21593,0.22856,0.3263,0.33715,0.24611,0.27895,0.21444,0.14051,0.16671,0.16136,0.25576,0.22407,0.19477,0.15959,0.2653,0.26779,0.1489,0.11033,0.25486,0.20939,0.10444,0.10182,0.40447,0.41164,0.31163,0.38492,0.43462,1,0.22191,0.20492,0.22913,0.23689,0.27508,0.27481,0.24264,0.23556,0.27326,0.2566,0.24582,0.20569,0.34471,0.34785,0.35024,0.35345,0.24196,0.22515,0.17407,0.065449,0.24028,0.21306,0.12309,0.10521,0.21757,0.19089,0.31464,0.31504,0.11306,0.10591,0.15191,0.19992,0.090703,0.12617,0.12911,0.14082,0.28617,0.29648,0.3504,0.37906,0.37046,0.41354,0.30565,0.32424,0.22467,0.28442,0.29679,0.31586,0.016586,0.030418,0.0080953,0.033646,0.12643,0.12108,0.1671,0.17356,0.16339,0.13103,0.054572,0.066953,0.16516,0.18298,0.14216,0.18061,0.0048587,0.012039,0.014779,0.14086,0.11829,0.079815,0.10051,0.14417,0.049855,-0.071494
0.53243,0.51758,0.42006,0.42203,0.25044,0.19293,0.44198,0.39397,0.26529,0.15847,0.34213,0.34917,0.37587,0.36619,0.34663,0.34307,0.52694,0.50625,0.50258,0.48316,0.27937,0.13955,0.36423,0.31037,0.34586,0.35411,0.1921,0.11529,0.50089,0.4848,0.48617,0.42086,0.61847,0.58161,0.36463,0.35631,0.44242,0.32234,0.46023,0.4219,0.28757,0.22191,1,0.93601,0.84991,0.80295,0.89383,0.8716,0.74614,0.69364,0.67512,0.61424,0.55081,0.45656,0.66738,0.6592,0.51314,0.47507,0.53325,0.50374,0.42185,0.30912,0.42831,0.41386,0.30406,0.32957,0.62294,0.61379,0.42628,0.45293,0.31537,0.29292,0.24544,0.28318,0.26585,0.23847,0.46082,0.46263,0.53834,0.55686,0.55794,0.51787,0.48692,0.40724,0.46402,0.49675,0.27159,0.26173,0.42139,0.45796,0.30421,0.20707,0.16187,0.15114,0.29005,0.25837,0.44498,0.42855,0.57118,0.49734,0.30411,0.27921,0.45884,0.46721,0.46859,0.51916,0.21744,0.26116,0.092434,0.29628,0.41579,0.35418,0.41341,0.41381,0.35424,-0.051711
